2017 08 08 21 15 25.570 29.2146 104.8012 14.6 0.19
2017 08 08 21 19 47.407 33.2144 103.8110 7.0 5.96
2017 08 08 21 27 21.288 33.2268 103.8265 5.6 3.89
2017 08 08 21 28 33.791 33.0537 104.1111 43.2 2.84
2017 08 08 21 28 54.886 33.2507 103.7859 15.0 3.79
2017 08 08 21 32 19.521 33.0671 104.1581 20.9 2.83
2017 08 08 21 32 37.350 29.2448 104.7856 9.3 1.4
2017 08 08 21 33 56.209 33.2786 103.7434 17.4 2.96
2017 08 08 21 34 24.907 33.2782 103.8277 4.9 3.0
2017 08 08 21 34 56.076 33.2717 103.7886 10.1 3.26
2017 08 08 21 35 10.866 33.2192 103.7559 34.4 2.91
2017 08 08 21 36 32.394 33.3696 103.7435 17.5 2.94
2017 08 08 21 38 03.810 33.4177 103.7763 16.2 2.67
2017 08 08 21 40 08.629 33.1567 103.9429 30.3 2.66
2017 08 08 21 41 34.319 33.1598 103.8378 5.9 3.8
2017 08 08 21 42 55.596 33.1251 103.8516 5.0 3.05
2017 08 08 21 43 50.357 33.1180 103.9710 31.4 2.58
2017 08 08 21 44 49.595 33.4598 103.8368 22.7 2.55
2017 08 08 21 49 46.977 33.2958 103.8483 32.9 2.54
2017 08 08 21 50 58.707 33.1586 103.8321 0.0 2.56
2017 08 08 21 51 54.054 33.2537 103.7814 13.6 2.93
2017 08 08 21 52 56.854 33.0632 104.2559 44.7 2.22
2017 08 08 21 55 52.159 32.9343 104.1332 18.9 2.09
2017 08 08 21 58 16.145 33.2500 103.7876 15.1 2.04
2017 08 08 21 59 22.931 33.3172 103.7346 7.5 2.17
2017 08 08 21 59 47.872 33.2601 103.7673 12.5 2.11
2017 08 08 22 00 16.131 33.0454 103.9737 24.2 3.21
2017 08 08 22 01 10.998 28.1129 104.6850 17.2 0.37
2017 08 08 22 01 16.722 33.2931 103.7959 0.0 3.07
2017 08 08 22 02 31.247 33.2187 103.7778 15.0 2.26
2017 08 08 22 03 15.677 33.0410 104.0930 33.1 2.02
2017 08 08 22 04 01.323 33.2254 103.7725 18.4 2.64
2017 08 08 22 05 41.374 33.2358 103.7922 14.8 2.95
2017 08 08 22 06 29.634 33.2386 103.7742 10.0 2.66
2017 08 08 22 06 53.248 33.2091 103.8363 7.8 2.93
2017 08 08 22 07 29.358 33.1560 103.8164 13.2 2.74
2017 08 08 22 08 52.643 33.1915 103.8081 15.3 2.26
2017 08 08 22 09 15.530 32.8538 104.3632 6.0 2.3
2017 08 08 22 09 48.315 33.1180 104.0645 41.8 2.56
2017 08 08 22 10 54.083 32.8565 104.3614 21.2 2.11
2017 08 08 22 12 02.840 33.2797 103.7908 11.1 2.28
2017 08 08 22 13 52.064 33.2544 103.7794 15.0 2.93
2017 08 08 22 14 55.848 33.1868 103.9489 33.7 2.26
2017 08 08 22 15 37.221 33.0565 104.0866 44.2 2.39
2017 08 08 22 17 52.334 33.2133 103.7745 3.5 1.78
2017 08 08 22 19 37.317 33.2205 103.8275 14.9 2.73
2017 08 08 22 20 08.276 33.1731 103.8258 17.6 2.87
2017 08 08 22 20 45.519 33.3147 103.9632 45.1 2.16
2017 08 08 22 21 45.548 33.2242 103.8011 25.5 2.04
2017 08 08 22 22 19.458 33.2106 103.7730 27.5 1.96
2017 08 08 22 22 56.332 33.1788 103.8574 13.5 1.92
2017 08 08 22 24 47.715 33.2912 103.7575 16.4 1.57
2017 08 08 22 26 02.262 33.1815 103.8512 15.5 2.27
2017 08 08 22 26 59.452 33.8246 103.3799 12.0 2.25
2017 08 08 22 28 04.652 33.2763 103.7604 1.0 2.27
2017 08 08 22 28 56.148 33.1950 103.8203 6.5 2.49
2017 08 08 22 31 17.704 33.0473 104.0232 27.5 1.79
2017 08 08 22 32 34.875 33.2043 103.7722 0.0 2.05
2017 08 08 22 32 51.196 33.1710 103.7984 25.4 2.27
2017 08 08 22 33 19.440 33.4837 104.6306 42.8 2.11
2017 08 08 22 35 36.772 33.2002 103.8418 15.3 2.03
2017 08 08 22 35 45.154 29.8375 102.8102 0.0 1.46
2017 08 08 22 38 08.129 33.1940 103.8106 17.5 2.37
2017 08 08 22 38 37.271 33.0424 104.1225 37.4 2.26
2017 08 08 22 40 31.563 33.2410 103.7539 14.1 2.19
2017 08 08 22 40 49.648 33.2146 103.7932 22.8 2.09
2017 08 08 22 41 13.910 33.2955 103.7359 13.2 2.34
2017 08 08 22 42 01.341 33.3690 103.7548 49.5 1.91
2017 08 08 22 43 15.031 33.2086 103.8407 11.1 2.31
2017 08 08 22 45 04.804 33.2858 103.7589 15.1 1.39
2017 08 08 22 45 25.216 33.1654 103.8450 17.0 1.75
2017 08 08 22 47 16.223 29.2471 104.6743 17.1 0.88
2017 08 08 22 47 49.071 33.1303 103.8476 8.6 1.99
2017 08 08 22 49 37.565 33.3007 103.7385 12.5 1.98
2017 08 08 22 51 05.746 33.0624 104.0903 39.6 1.68
2017 08 08 22 51 23.588 33.1772 104.0307 7.1 2.39
2017 08 08 22 52 15.055 33.1532 103.8356 6.5 2.8
2017 08 08 22 52 50.154 33.1558 103.8136 15.1 2.21
2017 08 08 22 53 15.311 33.1267 103.8950 10.9 2.1
2017 08 08 22 53 34.985 33.1650 103.8114 40.1 2.04
2017 08 08 22 54 31.210 33.2727 103.7736 0.0 1.99
2017 08 08 22 54 58.049 33.2376 103.7609 22.5 1.86
2017 08 08 22 55 58.438 33.2210 103.7767 15.0 2.7
2017 08 08 22 56 21.396 33.1392 103.8914 14.5 2.47
2017 08 08 22 57 09.489 33.3394 103.7774 19.2 1.91
2017 08 08 22 57 53.429 33.1677 103.7986 22.9 2.23
2017 08 08 22 58 34.672 33.2599 103.7828 17.0 2.1
2017 08 08 23 00 13.571 33.2389 103.8045 14.5 2.13
2017 08 08 23 00 58.845 33.1813 103.8083 7.5 2.87
2017 08 08 23 02 21.276 33.1718 103.8091 5.8 2.02
2017 08 08 23 03 10.705 33.0572 104.0468 39.1 1.8
2017 08 08 23 03 45.123 33.2269 103.8135 1.2 1.94
2017 08 08 23 04 56.370 33.2471 103.7886 16.1 3.48
2017 08 08 23 06 43.688 33.2840 103.7515 17.5 2.87
2017 08 08 23 07 04.228 33.2337 103.7505 15.0 3.3
2017 08 08 23 09 29.751 33.0954 104.2183 42.4 1.64
2017 08 08 23 11 30.287 32.6601 104.7970 7.3 1.05
2017 08 08 23 12 55.552 33.3351 103.8698 40.6 2.51
2017 08 08 23 13 10.688 33.2896 103.7919 4.6 2.45
2017 08 08 23 13 42.933 29.1746 104.8773 16.7 -0.04
2017 08 08 23 14 22.732 32.9695 104.2201 34.9 1.57
2017 08 08 23 16 21.569 33.2779 103.7730 17.7 2.22
2017 08 08 23 17 16.764 33.1856 103.9046 34.7 1.82
2017 08 08 23 17 44.096 33.1368 103.8774 17.7 2.34
2017 08 08 23 18 01.271 33.2561 103.7665 23.8 2.03
2017 08 08 23 18 56.555 33.0980 104.1840 43.3 1.5
2017 08 08 23 20 37.144 33.1683 103.8420 12.4 2.51
2017 08 08 23 21 27.052 33.2603 103.7892 12.5 2.28
2017 08 08 23 22 50.097 33.2371 103.7506 15.0 3.1
2017 08 08 23 24 04.657 33.4119 103.7715 15.3 2.08
2017 08 08 23 24 52.827 33.1395 104.0644 42.0 1.72
2017 08 08 23 25 52.062 33.2255 103.7776 9.2 3.28
2017 08 08 23 26 10.820 33.1752 103.8179 15.7 3.1
2017 08 08 23 28 05.920 33.1749 103.7995 0.0 1.97
2017 08 08 23 28 40.726 33.1125 103.8891 15.5 2.72
2017 08 08 23 29 49.405 33.3868 104.1855 12.6 1.36
2017 08 08 23 30 23.870 33.2419 103.7760 7.3 3.05
2017 08 08 23 32 12.592 33.3004 103.9220 43.3 1.54
2017 08 08 23 33 12.042 33.2026 103.7753 7.5 2.29
2017 08 08 23 33 39.579 33.2167 103.7623 12.5 1.94
2017 08 08 23 34 27.983 33.1232 103.8495 7.5 2.16
2017 08 08 23 35 14.087 33.2402 103.7832 15.0 3.0
2017 08 08 23 36 19.212 33.2457 103.7403 0.0 2.11
2017 08 08 23 38 17.800 33.1583 103.8324 14.0 2.45
2017 08 08 23 39 23.026 33.1216 103.8438 5.0 2.26
2017 08 08 23 39 55.384 33.2992 103.7437 5.5 1.6
2017 08 08 23 40 38.238 33.3200 103.9837 17.0 1.67
2017 08 08 23 41 18.022 33.1868 103.8390 0.1 1.53
2017 08 08 23 41 42.583 33.1638 103.8063 8.5 2.12
2017 08 08 23 43 05.203 33.2172 103.8253 15.9 1.95
2017 08 08 23 43 31.811 33.2167 103.8216 1.6 1.77
2017 08 08 23 44 46.315 33.0381 103.7718 14.7 1.46
2017 08 08 23 45 00.422 33.2141 103.8328 15.7 2.33
2017 08 08 23 46 49.120 33.2669 103.7784 15.9 3.1
2017 08 08 23 49 01.020 33.2096 103.7594 24.3 2.53
2017 08 08 23 49 18.106 33.2576 103.7761 13.9 3.52
2017 08 08 23 51 12.331 33.1162 103.8714 11.6 3.67
2017 08 08 23 52 00.069 30.2412 104.5074 35.1 2.63
2017 08 08 23 53 28.014 33.1563 103.8380 14.4 2.75
2017 08 08 23 54 03.840 33.2142 103.7676 6.8 3.12
2017 08 08 23 55 37.197 33.2208 103.8198 10.3 2.43
2017 08 08 23 57 28.149 33.2523 103.7900 8.5 1.79
2017 08 08 23 57 55.950 33.1970 103.8159 10.4 2.19
2017 08 08 23 59 05.110 33.2409 103.7564 19.1 1.39
2017 08 08 23 59 42.024 33.2792 103.7936 13.1 1.55
2017 08 09 00 02 19.899 33.2642 103.7752 17.5 2.45
2017 08 09 00 03 23.420 33.0908 103.9360 30.0 2.09
2017 08 09 00 03 46.201 33.1179 104.0828 42.8 2.1
2017 08 09 00 04 03.243 33.1944 103.7716 1.2 2.23
2017 08 09 00 04 51.946 33.2448 103.7580 48.5 1.88
2017 08 09 00 05 27.800 33.1636 103.8492 14.2 3.21
2017 08 09 00 06 19.415 33.2909 103.7681 10.0 2.43
2017 08 09 00 07 13.415 33.1757 103.8474 15.2 1.95
2017 08 09 00 07 39.281 32.8372 104.3175 14.8 1.62
2017 08 09 00 08 17.313 33.2154 103.7418 15.4 1.7
2017 08 09 00 09 47.177 33.1694 103.8387 12.6 1.83
2017 08 09 00 10 30.625 33.2406 103.7879 16.4 1.7
2017 08 09 00 12 16.253 33.3025 103.7780 15.4 2.59
2017 08 09 00 13 07.856 33.1929 103.8330 12.4 2.2
2017 08 09 00 15 37.334 33.1648 103.8807 0.0 1.64
2017 08 09 00 16 27.065 33.3293 103.7783 10.4 1.26
2017 08 09 00 17 01.907 33.1256 103.8517 13.6 1.43
2017 08 09 00 17 45.620 33.0234 104.1029 34.1 1.42
2017 08 09 00 18 15.794 33.2848 103.8187 15.9 2.1
2017 08 09 00 19 05.753 33.1899 103.8102 5.9 2.81
2017 08 09 00 19 56.661 32.7101 104.8549 12.2 1.79
2017 08 09 00 21 18.022 33.2257 103.7637 10.8 1.6
2017 08 09 00 22 34.924 32.8647 104.3191 33.7 1.62
2017 08 09 00 22 58.353 33.1697 103.8217 11.8 1.83
2017 08 09 00 24 32.007 33.2727 103.7572 20.9 1.89
2017 08 09 00 24 51.122 33.1298 104.0957 43.6 1.68
2017 08 09 00 25 06.354 33.1343 103.8681 7.2 2.24
2017 08 09 00 26 13.553 28.1946 104.8428 15.4 0.76
2017 08 09 00 27 10.089 33.2098 103.8584 0.0 2.09
2017 08 09 00 28 32.795 33.1798 103.7977 27.1 1.88
2017 08 09 00 28 53.409 32.8798 104.2857 31.1 2.52
2017 08 09 00 29 06.901 33.3068 103.7754 13.6 2.76
2017 08 09 00 30 35.167 33.6127 104.1951 20.0 1.98
2017 08 09 00 30 57.608 33.2159 103.8322 2.0 2.76
2017 08 09 00 32 09.265 33.1662 103.8187 11.3 2.46
2017 08 09 00 32 30.836 29.2176 104.7571 12.0 0.56
2017 08 09 00 33 53.949 33.2735 103.7373 10.0 1.79
2017 08 09 00 35 18.143 33.1263 103.8489 16.5 3.89
2017 08 09 00 36 08.199 29.9333 104.4133 49.9 2.56
2017 08 09 00 37 13.919 33.2563 103.7764 13.8 3.07
2017 08 09 00 38 20.614 33.1078 104.0204 32.7 1.96
2017 08 09 00 38 52.299 33.2829 103.7319 2.1 2.17
2017 08 09 00 39 45.325 33.3340 103.8328 31.1 1.42
2017 08 09 00 40 39.099 33.0949 104.1307 38.9 1.69
2017 08 09 00 41 55.431 33.0584 104.5328 37.6 1.42
2017 08 09 00 42 16.425 33.0937 103.9735 25.1 1.4
2017 08 09 00 42 33.065 33.2811 103.8222 1.7 1.57
2017 08 09 00 43 02.480 32.8409 104.2843 28.1 1.86
2017 08 09 00 43 21.515 33.1104 103.8738 12.8 2.72
2017 08 09 00 44 31.268 33.1608 103.8269 15.0 1.68
2017 08 09 00 45 18.903 33.2486 103.8627 31.8 1.25
2017 08 09 00 46 07.929 33.2719 103.7854 15.6 2.33
2017 08 09 00 46 30.324 33.1834 103.8490 9.9 2.52
2017 08 09 00 46 53.473 33.1594 103.9028 28.4 2.3
2017 08 09 00 47 12.904 33.2682 103.7526 14.5 2.31
2017 08 09 00 47 50.147 33.1854 103.8356 13.5 2.01
2017 08 09 00 48 25.788 33.1217 103.8701 8.3 2.41
2017 08 09 00 49 17.663 33.1153 103.9127 27.9 2.04
2017 08 09 00 50 07.295 33.0492 104.3098 32.6 1.18
2017 08 09 00 50 56.295 33.0677 104.3473 46.4 1.46
2017 08 09 00 51 41.857 33.2144 103.8157 14.7 1.53
2017 08 09 00 52 44.758 33.2388 103.7579 15.0 1.83
2017 08 09 00 53 56.664 33.2495 103.7866 15.0 2.46
2017 08 09 00 54 28.169 33.2940 103.7527 0.0 2.28
2017 08 09 00 55 08.822 33.2384 103.8170 17.8 1.42
2017 08 09 00 55 41.708 33.2539 103.7925 16.7 1.78
2017 08 09 00 57 19.902 33.2447 103.7928 25.6 1.65
2017 08 09 00 59 29.240 33.0891 103.8776 14.3 1.49
2017 08 09 01 00 23.791 33.1617 103.8174 12.4 1.45
2017 08 09 01 00 49.701 33.2865 103.7698 0.0 2.32
2017 08 09 01 01 37.780 33.0783 104.0184 31.4 1.65
2017 08 09 01 02 06.835 33.4230 103.8399 27.3 1.37
2017 08 09 01 02 46.376 33.2486 103.7907 17.4 1.51
2017 08 09 01 03 18.903 33.2461 103.7802 20.0 1.64
2017 08 09 01 03 41.628 33.0104 104.1756 41.4 1.77
2017 08 09 01 05 07.617 33.2693 103.7651 19.0 1.43
2017 08 09 01 05 20.585 33.2335 103.7834 18.3 1.48
2017 08 09 01 05 54.209 33.3461 103.7298 33.3 1.44
2017 08 09 01 06 22.405 32.9997 104.2738 40.0 1.42
2017 08 09 01 07 32.972 33.2425 103.7548 0.0 1.35
2017 08 09 01 08 05.327 33.2427 103.7931 15.3 1.6
2017 08 09 01 08 16.948 33.2334 103.8608 34.2 1.88
2017 08 09 01 09 09.920 33.2072 103.8668 6.8 1.8
2017 08 09 01 10 00.572 33.1817 103.8389 15.0 1.2
2017 08 09 01 10 20.935 33.2314 103.7516 14.1 1.45
2017 08 09 01 10 34.713 33.1310 103.8482 18.0 2.32
2017 08 09 01 11 51.983 32.9597 104.2457 33.3 1.86
2017 08 09 01 13 20.693 33.2575 103.5867 27.5 1.31
2017 08 09 01 14 17.217 33.1519 103.8508 14.4 2.16
2017 08 09 01 15 03.408 33.1542 103.7659 27.5 2.66
2017 08 09 01 15 50.289 33.2511 103.8106 15.0 2.13
2017 08 09 01 16 42.527 32.9839 104.1472 32.6 1.75
2017 08 09 01 17 30.984 33.2968 103.7517 15.0 2.2
2017 08 09 01 18 38.180 33.2670 103.7671 10.0 1.89
2017 08 09 01 20 12.683 33.2057 103.7973 14.6 2.96
2017 08 09 01 20 51.768 33.1066 103.8738 9.0 3.33
2017 08 09 01 21 41.320 30.0277 104.5341 46.7 2.0
2017 08 09 01 22 47.561 33.2962 103.7411 15.7 2.3
2017 08 09 01 23 19.268 33.3006 103.7713 19.9 1.48
2017 08 09 01 23 47.796 33.3642 103.8943 36.3 1.21
2017 08 09 01 25 14.167 33.2009 103.7785 9.8 1.45
2017 08 09 01 26 25.878 33.5242 103.9377 19.7 0.92
2017 08 09 01 27 27.292 33.2330 103.7448 15.8 2.73
2017 08 09 01 28 24.307 32.9794 104.2982 37.8 1.63
2017 08 09 01 29 15.846 33.0853 104.0951 43.5 1.53
2017 08 09 01 31 21.772 32.9931 103.8603 34.3 2.3
2017 08 09 01 33 09.069 33.2546 103.7738 13.2 1.75
2017 08 09 01 33 30.354 33.2571 103.7531 23.0 1.44
2017 08 09 01 34 25.715 33.2836 103.7811 15.7 1.82
2017 08 09 01 35 16.093 33.1519 103.8455 20.9 1.53
2017 08 09 01 35 42.303 33.3562 103.7887 18.3 1.04
2017 08 09 01 36 04.327 33.2644 103.7826 15.0 1.85
2017 08 09 01 36 40.211 33.4466 103.6930 30.9 1.65
2017 08 09 01 37 27.278 33.3639 103.7554 15.6 2.65
2017 08 09 01 39 24.536 33.2489 103.7861 14.9 3.33
2017 08 09 01 42 00.740 33.2318 103.7931 13.0 1.49
2017 08 09 01 42 51.509 33.1392 103.8407 13.9 3.03
2017 08 09 01 43 31.183 33.1964 103.8060 10.4 3.31
2017 08 09 01 44 20.195 33.1793 103.8291 19.8 2.5
2017 08 09 01 46 07.949 33.2707 103.7913 16.8 1.56
2017 08 09 01 47 12.422 33.1306 103.8375 20.7 1.3
2017 08 09 01 47 46.512 33.0087 104.5009 28.3 1.47
2017 08 09 01 47 49.939 27.0366 103.2858 25.2 1.49
2017 08 09 01 49 32.393 33.2373 103.8093 3.5 1.53
2017 08 09 01 49 43.253 33.2290 103.8166 5.6 1.94
2017 08 09 01 50 23.046 34.1234 103.5647 11.3 1.54
2017 08 09 01 51 17.218 33.1535 104.4647 34.5 1.57
2017 08 09 01 51 49.568 33.0882 104.2326 37.0 1.66
2017 08 09 01 52 40.748 33.1583 103.8355 16.9 1.73
2017 08 09 01 53 12.360 33.2210 103.8029 31.5 1.81
2017 08 09 01 53 59.535 33.3255 103.7389 0.0 1.75
2017 08 09 01 54 20.843 33.2163 103.8114 3.1 2.35
2017 08 09 01 55 32.641 29.2128 104.8055 13.4 0.06
2017 08 09 01 55 43.544 33.3126 103.8674 31.8 1.04
2017 08 09 01 56 33.256 33.1999 103.7829 15.0 1.54
2017 08 09 01 57 00.741 29.2433 104.7806 11.5 0.61
2017 08 09 01 56 54.405 33.2758 103.8991 44.4 1.08
2017 08 09 01 57 40.181 33.2482 103.7927 14.5 1.02
2017 08 09 01 58 24.057 33.0982 103.5752 44.7 2.21
2017 08 09 01 58 36.175 33.2190 103.8096 14.5 2.51
2017 08 09 01 59 21.538 33.2763 103.7741 0.0 1.92
2017 08 09 02 00 47.641 32.9623 104.2089 35.5 1.2
2017 08 09 02 01 16.223 33.3483 103.7337 17.4 2.35
2017 08 09 02 01 33.575 27.2111 102.8724 11.8 1.1
2017 08 09 02 03 07.905 33.2293 103.8116 13.8 1.95
2017 08 09 02 04 07.305 33.1722 103.8719 2.4 1.66
2017 08 09 02 04 36.303 33.3340 103.7723 13.1 2.35
2017 08 09 02 05 24.827 33.3634 103.7412 11.1 1.97
2017 08 09 02 06 12.283 32.8882 104.3390 26.3 1.67
2017 08 09 02 06 47.993 33.2145 103.8120 14.6 2.63
2017 08 09 02 07 56.371 33.1783 103.8154 17.8 1.55
2017 08 09 02 09 31.274 32.8447 104.2998 40.2 2.19
2017 08 09 02 11 16.789 33.1348 103.8850 14.2 1.98
2017 08 09 02 11 32.171 33.1365 103.9695 35.0 1.71
2017 08 09 02 12 47.674 33.2770 103.7538 5.5 1.37
2017 08 09 02 13 15.272 33.2758 104.1190 40.7 1.17
2017 08 09 02 13 43.186 32.9309 104.0953 8.3 0.87
2017 08 09 02 14 02.649 33.1582 103.8495 6.4 1.44
2017 08 09 02 14 14.982 31.8687 104.3919 22.8 0.61
2017 08 09 02 14 24.431 33.1475 103.8045 26.7 1.75
2017 08 09 02 15 19.845 33.0668 103.9128 13.4 2.43
2017 08 09 02 18 36.693 33.2375 103.7924 16.7 1.65
2017 08 09 02 18 52.694 33.1980 103.8058 15.0 1.6
2017 08 09 02 19 16.609 33.2128 103.8282 2.0 1.92
2017 08 09 02 20 05.141 33.3754 103.7303 17.3 1.11
2017 08 09 02 20 28.531 33.2456 103.7352 23.1 1.03
2017 08 09 02 20 51.952 33.5487 103.9461 23.5 1.47
2017 08 09 02 21 14.481 33.2414 103.7835 16.0 1.62
2017 08 09 02 21 56.966 33.2163 103.7867 2.3 1.7
2017 08 09 02 22 55.041 33.1605 103.8217 9.4 2.36
2017 08 09 02 24 14.783 32.8932 102.7682 6.4 1.43
2017 08 09 02 24 28.762 27.9417 101.3628 10.0 2.69
2017 08 09 02 25 09.647 33.3065 103.7669 15.5 1.56
2017 08 09 02 25 24.495 33.1122 104.1173 48.6 1.37
2017 08 09 02 25 52.927 33.3087 103.7495 14.6 2.71
2017 08 09 02 26 50.536 33.1810 103.8634 18.6 1.73
2017 08 09 02 27 35.097 33.1704 103.9409 37.8 1.9
2017 08 09 02 28 32.047 33.0690 104.0960 29.0 1.7
2017 08 09 02 28 57.218 33.2085 103.8150 12.5 2.39
2017 08 09 02 31 30.647 33.2603 103.7934 2.3 1.18
2017 08 09 02 33 07.775 33.1328 103.8974 12.5 1.23
2017 08 09 02 33 31.748 33.1550 103.8669 17.7 1.73
2017 08 09 02 34 13.799 33.1820 103.8508 13.7 1.45
2017 08 09 02 35 22.589 33.2796 103.7544 10.4 1.25
2017 08 09 02 35 42.646 32.8391 104.4269 23.2 1.88
2017 08 09 02 36 45.397 33.1937 103.8465 16.7 2.58
2017 08 09 02 37 17.082 29.2016 104.8117 15.6 -0.2
2017 08 09 02 37 23.437 29.0691 104.9548 8.4 0.0
2017 08 09 02 38 07.303 33.1320 103.8554 11.1 2.32
2017 08 09 02 38 08.080 32.1038 100.9157 42.5 2.09
2017 08 09 02 39 14.374 33.3338 103.8036 14.6 1.51
2017 08 09 02 40 02.461 33.2126 103.8266 29.8 1.21
2017 08 09 02 40 43.466 33.1978 103.7918 9.2 1.44
2017 08 09 02 41 06.043 33.2615 103.7743 11.8 1.58
2017 08 09 02 42 31.915 33.1663 103.9863 0.0 1.21
2017 08 09 02 43 19.853 33.2345 103.7798 0.0 2.13
2017 08 09 02 44 01.499 33.1472 103.8595 4.4 1.7
2017 08 09 02 44 33.221 33.2847 103.7508 12.2 1.48
2017 08 09 02 45 04.057 32.9130 104.2728 28.7 1.91
2017 08 09 02 45 51.476 33.0791 104.0451 40.2 1.5
2017 08 09 02 47 51.297 33.0016 103.1126 23.0 1.31
2017 08 09 02 49 43.297 33.1701 104.0900 39.7 0.98
2017 08 09 02 50 39.737 33.2334 103.7859 14.8 1.64
2017 08 09 02 51 11.063 33.1473 103.9483 26.1 1.45
2017 08 09 02 51 33.396 33.1199 103.9919 33.0 1.26
2017 08 09 02 52 28.040 33.2482 103.7823 15.0 1.95
2017 08 09 02 53 08.355 33.0381 103.9995 29.3 1.34
2017 08 09 02 53 25.244 32.8986 104.2943 27.1 1.44
2017 08 09 02 53 48.608 32.6908 103.8021 35.0 1.1
2017 08 09 02 55 46.065 33.1128 103.8260 47.5 0.93
2017 08 09 02 56 35.431 31.4671 100.4048 7.0 1.31
2017 08 09 02 56 37.818 33.1645 103.8400 17.1 2.06
2017 08 09 02 57 51.891 33.2393 103.7943 24.1 1.17
2017 08 09 02 58 49.333 33.1722 103.8659 15.9 1.13
2017 08 09 02 59 06.191 33.1166 103.8563 19.8 1.48
2017 08 09 03 01 20.145 28.4055 104.9473 1.3 0.59
2017 08 09 03 01 25.216 33.0876 103.9501 30.1 1.4
2017 08 09 03 02 20.330 33.1241 103.8448 17.7 1.53
2017 08 09 03 02 42.504 33.3141 103.7671 0.0 1.63
2017 08 09 03 03 35.335 32.9452 104.3219 35.0 1.52
2017 08 09 03 04 26.977 33.2155 103.8303 16.1 2.2
2017 08 09 03 05 34.504 33.2949 103.7656 0.1 1.19
2017 08 09 03 07 52.341 33.1578 103.7939 33.8 1.6
2017 08 09 03 09 13.848 33.1560 103.8870 26.2 1.28
2017 08 09 03 09 37.335 33.2601 103.7822 15.3 1.48
2017 08 09 03 09 54.685 33.2667 103.7683 10.4 1.77
2017 08 09 03 10 44.562 33.3046 103.7516 17.5 1.81
2017 08 09 03 11 07.418 33.3008 103.7598 43.8 1.74
2017 08 09 03 13 05.756 33.1659 103.8587 16.7 2.44
2017 08 09 03 17 11.341 33.2152 103.7958 15.0 2.05
2017 08 09 03 19 06.745 33.2194 103.8319 14.9 1.46
2017 08 09 03 19 46.913 33.1080 103.8655 11.4 2.3
2017 08 09 03 20 35.350 33.2252 103.7923 18.8 1.47
2017 08 09 03 21 24.717 27.9545 103.4177 18.5 1.0
2017 08 09 03 21 36.038 33.5206 103.7876 19.6 1.2
2017 08 09 03 21 56.502 33.1310 103.8785 16.7 1.42
2017 08 09 03 22 26.694 33.2709 103.7593 32.2 1.39
2017 08 09 03 22 59.449 33.0975 103.8834 0.0 2.11
2017 08 09 03 24 05.439 33.2566 103.7802 12.5 1.6
2017 08 09 03 24 34.894 33.1613 103.8443 14.3 0.94
2017 08 09 03 25 21.107 33.1445 103.8695 18.2 1.37
2017 08 09 03 26 52.442 33.2168 103.8236 6.9 1.24
2017 08 09 03 27 49.427 33.1736 103.8788 30.8 0.82
2017 08 09 03 28 06.861 33.1790 103.8098 0.0 1.57
2017 08 09 03 28 26.943 32.9145 104.2189 26.4 2.32
2017 08 09 03 28 43.929 28.1022 105.0616 21.6 0.81
2017 08 09 03 29 16.903 33.2799 103.7475 7.5 2.1
2017 08 09 03 29 31.728 29.2453 104.7873 10.3 0.73
2017 08 09 03 30 15.185 33.2748 103.7485 15.0 2.13
2017 08 09 03 32 33.883 33.0991 103.8862 18.9 1.4
2017 08 09 03 33 14.312 33.2451 103.7651 19.2 1.24
2017 08 09 03 34 34.060 33.1755 103.8390 15.4 1.14
2017 08 09 03 34 52.780 33.0528 104.0496 30.3 1.0
2017 08 09 03 35 19.563 33.1345 103.8702 5.7 1.58
2017 08 09 03 36 04.920 33.0314 104.1124 36.1 1.38
2017 08 09 03 37 09.889 33.2302 103.7814 17.2 1.8
2017 08 09 03 39 09.506 33.1949 103.7702 12.7 1.41
2017 08 09 03 39 23.904 33.2782 103.7592 0.9 1.69
2017 08 09 03 40 30.561 33.2281 103.7913 7.5 2.04
2017 08 09 03 41 07.483 33.2997 103.7368 11.2 2.54
2017 08 09 03 42 45.832 33.3064 103.7612 10.4 1.47
2017 08 09 03 43 28.794 33.3565 103.7459 15.5 1.96
2017 08 09 03 44 27.052 33.2351 103.8189 3.9 1.66
2017 08 09 03 45 21.452 33.1604 103.8465 15.0 2.38
2017 08 09 03 46 38.889 33.0209 104.0093 24.1 1.25
2017 08 09 03 47 52.010 33.2181 103.7975 26.0 1.45
2017 08 09 03 48 06.280 33.2624 103.8230 0.8 1.95
2017 08 09 03 49 49.381 33.0681 103.9037 11.4 2.43
2017 08 09 03 50 34.535 33.3012 103.7548 13.8 1.28
2017 08 09 03 51 16.858 33.0481 103.9111 22.9 1.41
2017 08 09 03 52 01.059 33.3236 103.7792 15.0 1.34
2017 08 09 03 52 46.756 33.2745 103.7563 10.0 1.86
2017 08 09 03 53 27.091 33.3389 103.7710 33.3 1.47
2017 08 09 03 54 24.967 33.4224 103.8017 12.5 1.48
2017 08 09 03 54 50.070 31.7361 104.0379 10.9 2.77
2017 08 09 03 55 58.491 29.2851 105.1371 19.8 1.0
2017 08 09 03 55 58.198 33.1150 103.8597 6.6 1.84
2017 08 09 03 56 34.583 33.2899 103.7590 15.4 1.75
2017 08 09 03 56 49.719 33.2554 103.8236 12.3 1.82
2017 08 09 03 57 17.828 29.4191 105.5540 2.5 2.03
2017 08 09 03 57 53.135 33.3328 103.8079 13.6 1.22
2017 08 09 03 58 20.251 33.1382 103.8535 19.0 1.81
2017 08 09 03 59 09.265 33.2716 103.7918 15.0 3.41
2017 08 09 03 59 59.024 30.1144 104.2269 21.5 2.04
2017 08 09 04 01 51.076 33.1389 103.8583 16.3 1.41
2017 08 09 04 04 16.696 33.5405 103.9163 17.2 1.53
2017 08 09 04 04 51.358 33.0671 103.9817 34.0 1.65
2017 08 09 04 05 15.807 33.3127 103.7306 13.4 1.43
2017 08 09 04 06 05.333 33.4155 103.6609 47.1 1.26
2017 08 09 04 07 16.060 32.9222 104.2597 33.5 1.66
2017 08 09 04 08 54.384 33.1964 103.8093 16.1 1.48
2017 08 09 04 09 35.650 33.1125 103.8705 18.8 1.56
2017 08 09 04 10 34.119 33.1999 103.8064 14.6 1.14
2017 08 09 04 11 45.676 33.1977 103.8015 24.5 1.04
2017 08 09 04 11 59.923 33.0813 103.8760 20.0 1.4
2017 08 09 04 12 59.452 32.9648 104.2836 42.9 0.8
2017 08 09 04 13 27.850 33.3249 103.7317 19.0 1.17
2017 08 09 04 14 07.986 32.9597 104.1786 32.9 1.15
2017 08 09 04 14 57.775 33.2669 103.8054 0.8 1.38
2017 08 09 04 16 55.692 32.9780 104.1590 30.8 1.1
2017 08 09 04 17 17.472 33.1695 103.8199 22.5 1.45
2017 08 09 04 18 26.021 32.9436 104.2051 32.7 1.31
2017 08 09 04 18 52.516 33.0924 104.0753 43.9 1.23
2017 08 09 04 19 43.105 33.0774 104.1330 42.0 0.79
2017 08 09 04 21 09.395 33.2455 103.7729 15.0 1.4
2017 08 09 04 21 29.589 33.1739 103.8201 11.0 1.42
2017 08 09 04 21 54.951 32.9725 104.1659 43.0 1.42
2017 08 09 04 23 53.137 33.1088 104.0092 42.3 0.71
2017 08 09 04 25 04.166 33.2234 103.8278 18.5 1.36
2017 08 09 04 25 31.681 33.1652 103.8391 11.7 1.18
2017 08 09 04 26 25.529 33.3322 103.7922 14.8 1.75
2017 08 09 04 27 18.177 33.3062 103.7904 2.0 1.34
2017 08 09 04 27 56.989 33.1268 103.8651 18.0 1.61
2017 08 09 04 28 09.118 33.0095 104.4524 49.9 1.62
2017 08 09 04 28 51.105 33.2509 103.7608 18.4 1.29
2017 08 09 04 29 25.428 33.4583 103.7249 49.9 1.27
2017 08 09 04 32 55.320 33.2339 103.7779 12.8 1.55
2017 08 09 04 33 27.286 33.2620 103.7992 15.4 2.44
2017 08 09 04 36 16.028 33.1798 103.7895 26.5 1.97
2017 08 09 04 37 12.669 33.0585 104.5684 30.5 1.73
2017 08 09 04 37 26.701 33.1284 104.0399 40.2 1.67
2017 08 09 04 38 39.882 33.2290 103.7612 29.5 2.77
2017 08 09 04 40 39.951 33.1332 103.8549 13.4 1.17
2017 08 09 04 41 08.778 33.2696 103.7815 10.4 1.59
2017 08 09 04 42 15.012 33.3052 103.7421 5.2 2.42
2017 08 09 04 42 59.208 33.2437 103.7821 15.0 1.63
2017 08 09 04 43 43.572 33.2258 103.7859 21.3 1.18
2017 08 09 04 44 00.709 32.9339 104.1989 31.2 1.69
2017 08 09 04 45 09.980 33.1011 104.1950 46.2 0.71
2017 08 09 04 46 20.071 33.2524 103.7832 15.1 1.27
2017 08 09 04 47 24.153 33.2862 103.7662 10.0 1.81
2017 08 09 04 47 56.779 33.3004 103.7938 12.0 1.52
2017 08 09 04 48 14.498 33.0773 104.0206 31.6 1.24
2017 08 09 04 48 43.354 33.0450 104.1646 33.5 0.87
2017 08 09 04 49 07.428 33.5197 103.8495 17.0 0.86
2017 08 09 04 49 30.065 33.1336 103.8826 22.0 1.06
2017 08 09 04 50 33.817 33.2058 103.8295 27.0 1.54
2017 08 09 04 50 39.773 33.1355 103.8808 37.1 1.45
2017 08 09 04 51 11.625 33.2334 103.7803 25.3 0.84
2017 08 09 04 51 34.765 31.0793 103.8436 19.3 0.62
2017 08 09 04 53 20.270 33.1885 103.8243 13.1 1.05
2017 08 09 04 54 37.686 33.2716 103.7852 18.1 1.1
2017 08 09 04 56 14.153 33.5566 104.0678 16.2 0.91
2017 08 09 04 57 22.377 33.1157 103.8656 17.4 1.41
2017 08 09 05 00 51.336 33.1960 103.8174 0.0 2.5
2017 08 09 05 01 06.380 33.1513 103.8627 22.3 2.16
2017 08 09 05 02 34.039 33.2456 103.7723 19.6 1.1
2017 08 09 05 02 52.489 33.2807 103.7601 17.7 1.29
2017 08 09 05 03 07.020 28.6148 105.0496 47.6 0.71
2017 08 09 05 04 28.458 33.2573 103.7667 23.6 1.86
2017 08 09 05 05 44.757 33.1768 103.8265 15.5 1.77
2017 08 09 05 07 37.798 33.2550 103.7734 12.2 1.32
2017 08 09 05 08 14.697 31.9914 104.4389 6.5 0.58
2017 08 09 05 08 37.781 33.2665 103.7528 48.4 1.39
2017 08 09 05 09 38.208 33.0382 104.0429 31.7 1.68
2017 08 09 05 10 16.926 33.2923 103.7566 7.3 1.76
2017 08 09 05 10 51.307 33.3135 103.7657 13.9 1.97
2017 08 09 05 11 31.135 33.1660 103.8366 18.6 1.74
2017 08 09 05 12 25.710 33.2959 103.7758 17.2 1.27
2017 08 09 05 13 22.614 33.1909 103.7955 22.5 2.28
2017 08 09 05 13 38.711 33.2458 103.7867 12.5 2.67
2017 08 09 05 14 29.736 33.2202 103.8183 14.9 3.42
2017 08 09 05 15 02.198 33.1558 103.8227 17.6 2.6
2017 08 09 05 16 01.809 33.3079 103.7347 0.0 3.78
2017 08 09 05 17 23.467 33.3188 103.7482 0.1 2.39
2017 08 09 05 19 18.411 32.7612 104.4160 35.9 1.6
2017 08 09 05 19 54.984 33.0943 104.0226 39.6 1.32
2017 08 09 05 20 18.041 33.2565 103.7753 10.2 1.62
2017 08 09 05 20 53.688 33.1579 103.8392 3.8 1.5
2017 08 09 05 22 21.752 33.2474 103.7874 24.5 1.4
2017 08 09 05 23 14.694 28.4739 104.5685 18.3 0.29
2017 08 09 05 24 07.830 33.1776 103.9554 40.4 1.18
2017 08 09 05 25 08.568 33.1891 103.8228 34.1 1.15
2017 08 09 05 25 33.394 32.9078 104.6748 31.1 1.36
2017 08 09 05 25 59.688 33.2792 103.7490 0.0 1.74
2017 08 09 05 26 26.453 33.3154 103.7421 14.2 2.87
2017 08 09 05 27 23.361 29.6444 104.3440 38.9 1.13
2017 08 09 05 27 59.317 33.1900 103.7888 19.4 1.57
2017 08 09 05 28 20.930 33.1934 103.7658 24.2 1.7
2017 08 09 05 29 02.232 33.2475 103.7909 7.1 1.83
2017 08 09 05 29 17.803 33.3336 103.7469 18.9 2.05
2017 08 09 05 30 23.434 33.3190 103.8213 16.1 1.85
2017 08 09 05 31 15.725 33.1449 103.8546 12.8 2.24
2017 08 09 05 31 56.427 28.7440 103.8704 31.7 0.81
2017 08 09 05 32 42.370 33.1926 103.8436 13.1 1.45
2017 08 09 05 34 32.038 33.2789 103.7791 13.5 0.82
2017 08 09 05 35 24.684 33.1400 103.8544 10.3 2.8
2017 08 09 05 36 58.463 33.2987 103.7908 24.6 3.06
2017 08 09 05 37 14.879 33.1172 103.8592 12.5 4.22
2017 08 09 05 40 32.465 33.1306 103.8606 7.5 2.14
2017 08 09 05 40 57.903 33.0987 103.8824 17.6 2.97
2017 08 09 05 41 08.547 33.1804 103.7870 6.8 3.84
2017 08 09 05 43 05.453 29.2333 104.7705 6.3 1.23
2017 08 09 05 46 39.234 33.0329 104.1094 35.0 1.1
2017 08 09 05 46 53.264 32.8995 104.2972 28.0 1.67
2017 08 09 05 47 29.588 33.0909 104.4165 31.8 1.07
2017 08 09 05 48 24.375 33.2756 103.7609 13.9 1.4
2017 08 09 05 48 59.021 33.2341 103.7842 17.9 1.04
2017 08 09 05 49 51.143 31.2060 105.5359 13.1 0.94
2017 08 09 05 50 22.242 28.1565 104.9448 4.7 0.82
2017 08 09 05 50 30.663 32.8696 104.3095 26.5 1.57
2017 08 09 05 51 36.107 33.1153 103.8596 37.1 1.46
2017 08 09 05 51 56.922 32.9716 104.2945 41.8 1.46
2017 08 09 05 52 15.573 32.8639 104.3385 43.6 1.47
2017 08 09 05 52 40.605 33.1487 103.8655 3.5 1.25
2017 08 09 05 54 17.807 33.2549 103.7675 0.1 1.23
2017 08 09 05 55 07.430 33.1819 103.8355 22.6 1.51
2017 08 09 05 56 52.642 33.2281 103.7573 22.2 1.28
2017 08 09 05 57 55.181 33.2673 103.9533 40.4 1.33
2017 08 09 05 58 41.170 33.2490 103.7826 14.6 1.64
2017 08 09 05 59 18.933 33.2275 103.7922 25.1 1.62
2017 08 09 06 01 45.934 33.1155 103.8888 14.1 1.29
2017 08 09 06 03 15.803 33.0454 104.0790 29.5 1.99
2017 08 09 06 04 14.393 33.0082 104.2835 45.9 1.23
2017 08 09 06 04 37.100 33.1931 103.8398 2.0 1.49
2017 08 09 06 05 18.359 33.1175 103.9222 25.6 1.39
2017 08 09 06 06 59.123 33.1512 103.8576 13.0 2.15
2017 08 09 06 07 23.873 30.9376 103.3380 6.1 0.73
2017 08 09 06 07 43.064 33.2318 103.7883 7.6 1.47
2017 08 09 06 08 32.388 33.1769 103.8267 15.5 2.29
2017 08 09 06 09 00.808 33.3041 103.7300 32.5 2.66
2017 08 09 06 10 24.920 33.1759 103.8227 0.1 1.43
2017 08 09 06 10 50.861 33.3910 103.7803 12.1 1.42
2017 08 09 06 11 10.753 33.2092 103.7740 23.5 1.41
2017 08 09 06 12 45.774 33.2829 103.7774 10.7 1.26
2017 08 09 06 13 32.238 33.2511 103.7924 29.4 1.13
2017 08 09 06 14 04.612 33.1352 103.9036 19.9 3.18
2017 08 09 06 16 18.518 33.1816 103.8496 10.8 2.0
2017 08 09 06 17 58.528 33.2384 103.7933 0.0 1.91
2017 08 09 06 19 13.522 33.1237 103.8640 8.1 1.59
2017 08 09 06 20 49.964 33.1101 103.8676 16.3 2.28
2017 08 09 06 21 34.016 32.9736 104.1533 34.0 1.25
2017 08 09 06 23 55.542 32.9510 104.2181 30.9 1.14
2017 08 09 06 24 19.960 33.1466 103.8580 3.9 1.63
2017 08 09 06 24 49.388 33.1287 103.8508 16.3 3.67
2017 08 09 06 25 10.219 32.9911 103.1247 24.0 3.35
2017 08 09 06 25 42.047 29.7034 104.2348 47.8 2.11
2017 08 09 06 27 18.071 33.1089 103.8716 17.4 1.86
2017 08 09 06 29 23.060 33.1537 103.7904 2.2 1.52
2017 08 09 06 30 47.184 33.2398 103.7979 10.6 1.31
2017 08 09 06 31 25.087 33.1069 104.0883 37.8 1.2
2017 08 09 06 31 48.118 32.8657 104.4948 0.4 1.32
2017 08 09 06 32 54.817 33.1276 103.8494 14.3 1.52
2017 08 09 06 35 07.853 33.1602 103.8547 16.1 2.38
2017 08 09 06 36 48.619 31.6679 104.1542 15.8 2.25
2017 08 09 06 36 44.795 33.1615 103.7546 34.1 1.47
2017 08 09 06 38 43.487 33.1196 103.8529 9.6 1.64
2017 08 09 06 43 42.469 33.2881 103.7697 0.1 1.88
2017 08 09 06 44 54.434 33.3420 103.6963 0.3 1.84
2017 08 09 06 45 28.342 33.2109 103.7737 8.8 1.62
2017 08 09 06 48 11.249 32.7880 104.4487 24.0 1.69
2017 08 09 06 49 04.151 33.1098 103.8729 10.9 3.8
2017 08 09 06 49 31.696 33.3018 103.7617 8.7 3.92
2017 08 09 06 49 47.813 30.1973 104.1695 10.9 2.49
2017 08 09 06 50 31.436 33.2653 103.7560 15.5 3.0
2017 08 09 06 51 39.363 32.9949 103.9974 15.6 2.83
2017 08 09 06 52 14.484 33.3270 103.8469 30.3 1.82
2017 08 09 06 53 41.198 33.2169 103.7865 8.5 1.73
2017 08 09 06 55 12.734 33.2584 103.7584 19.6 1.23
2017 08 09 06 55 33.608 30.0114 99.6451 16.5 0.78
2017 08 09 06 56 10.337 33.2079 103.7920 7.4 1.49
2017 08 09 06 56 36.704 33.0441 104.0292 30.5 1.86
2017 08 09 06 59 39.457 33.2259 104.0762 36.4 0.76
2017 08 09 07 01 26.253 32.9636 104.2155 33.4 1.44
2017 08 09 07 01 58.455 33.2995 103.7569 11.0 1.87
2017 08 09 07 02 07.892 33.1017 103.8687 16.3 2.59
2017 08 09 07 04 05.902 33.1917 103.8360 24.8 1.58
2017 08 09 07 04 50.159 32.8724 104.3083 24.2 1.3
2017 08 09 07 05 13.957 33.1827 103.7852 0.1 1.45
2017 08 09 07 06 34.925 32.8944 104.4064 26.5 1.07
2017 08 09 07 09 22.812 33.2465 103.9617 39.1 1.26
2017 08 09 07 09 39.893 33.2549 103.7636 19.4 1.31
2017 08 09 07 09 53.827 33.3199 103.8591 30.4 1.59
2017 08 09 07 10 46.788 33.7114 103.6657 49.5 1.9
2017 08 09 07 12 10.719 33.2843 103.7793 16.6 1.27
2017 08 09 07 13 05.218 33.3083 103.7909 16.0 1.35
2017 08 09 07 14 24.412 33.2221 103.8378 13.3 1.39
2017 08 09 07 15 05.260 33.2845 103.7542 11.5 2.27
2017 08 09 07 15 34.195 31.9485 104.3951 28.2 2.47
2017 08 09 07 16 10.850 33.3164 103.7760 0.0 1.9
2017 08 09 07 16 55.968 32.9982 104.1526 34.3 1.57
2017 08 09 07 18 38.573 32.9639 104.4959 30.3 1.28
2017 08 09 07 19 46.622 33.2955 103.7773 13.1 1.89
2017 08 09 07 20 53.302 33.2236 103.8370 15.0 1.51
2017 08 09 07 21 19.083 32.9739 104.0823 28.3 1.65
2017 08 09 07 21 38.583 32.9401 104.2982 32.2 1.88
2017 08 09 07 22 52.537 33.1005 103.9861 31.0 1.76
2017 08 09 07 23 20.302 29.0846 105.0256 3.9 0.34
2017 08 09 07 23 37.853 33.2180 103.7868 14.2 2.75
2017 08 09 07 29 30.419 33.0202 104.0819 33.7 1.23
2017 08 09 07 32 30.094 30.5067 103.3224 50.0 3.33
2017 08 09 07 44 52.854 33.0991 103.9349 22.2 2.08
2017 08 09 07 56 11.082 33.1169 103.9183 19.8 1.55
2017 08 09 07 56 35.968 33.1173 103.8404 15.0 2.11
2017 08 09 07 59 39.155 33.1654 103.8047 13.9 1.73
2017 08 09 08 01 22.194 33.0578 104.0670 32.2 1.34
2017 08 09 08 04 47.835 33.2562 103.7873 14.8 2.21
2017 08 09 08 06 47.551 33.1295 103.8750 23.5 1.8
2017 08 09 08 10 10.639 33.1169 103.8741 15.9 4.14
2017 08 09 08 11 03.767 29.6389 104.3051 22.0 2.63
2017 08 09 08 12 54.890 33.1587 104.0798 45.4 2.1
2017 08 09 08 13 33.635 33.0160 104.2509 43.2 2.31
2017 08 09 08 15 49.832 33.1136 103.8710 14.2 2.13
2017 08 09 08 16 12.119 33.1245 103.9223 33.2 2.32
2017 08 09 08 21 04.202 33.0600 104.0181 30.0 1.39
2017 08 09 08 22 00.331 33.2191 103.7935 27.3 2.05
2017 08 09 08 24 00.566 29.2448 104.7789 10.6 0.55
2017 08 09 08 25 43.530 33.0562 103.9594 24.1 1.43
2017 08 09 08 26 12.546 33.2981 103.7802 16.6 1.8
2017 08 09 08 29 04.394 33.2790 103.7957 15.8 4.35
2017 08 09 08 32 17.848 33.1628 104.1848 41.1 2.34
2017 08 09 08 32 51.814 33.3271 103.9283 0.1 2.26
2017 08 09 08 37 33.379 33.0166 104.3789 32.6 1.28
2017 08 09 08 42 16.445 28.0893 105.0272 17.3 0.64
2017 08 09 08 43 48.754 33.1756 103.8564 31.1 2.05
2017 08 09 08 45 49.085 33.0724 104.3596 47.1 1.29
2017 08 09 08 47 08.803 33.2552 103.7903 17.3 1.63
2017 08 09 08 47 51.701 33.0850 104.2772 45.2 1.19
2017 08 09 08 48 22.153 33.2875 103.7632 13.3 2.12
2017 08 09 08 52 42.577 33.1088 104.5842 26.9 1.49
2017 08 09 08 54 18.172 33.0555 104.0652 34.2 1.24
2017 08 09 08 54 55.086 33.0506 103.9802 26.4 1.64
2017 08 09 09 00 26.335 33.3020 103.7281 11.0 2.17
2017 08 09 09 02 53.035 33.1772 103.8481 13.7 1.69
2017 08 09 09 03 31.711 28.3942 104.8380 29.2 0.37
2017 08 09 09 06 13.617 33.0926 104.0464 38.2 1.32
2017 08 09 09 06 26.254 32.0507 105.2869 19.3 1.44
2017 08 09 09 12 35.814 32.9834 104.1990 34.0 1.35
2017 08 09 09 15 05.508 33.2048 103.8330 2.2 1.66
2017 08 09 09 16 52.371 33.1597 103.8232 4.2 2.19
2017 08 09 09 17 38.345 33.2098 103.8339 15.0 1.72
2017 08 09 09 21 45.816 33.2993 103.7912 11.5 2.55
2017 08 09 09 22 14.999 33.1633 103.8227 15.0 4.25
2017 08 09 09 27 34.751 33.1288 104.2413 36.2 1.76
2017 08 09 09 29 55.650 33.1371 103.8506 10.0 2.14
2017 08 09 09 32 48.218 33.2674 103.7281 15.0 4.16
2017 08 09 09 33 49.549 29.3711 105.1883 18.5 1.96
2017 08 09 09 36 45.767 31.0899 103.4985 11.1 2.88
2017 08 09 09 37 35.597 33.1902 103.8753 4.4 2.46
2017 08 09 09 37 51.562 33.0862 104.0474 35.4 2.66
2017 08 09 09 38 07.228 32.9039 104.3923 17.8 2.03
2017 08 09 09 39 27.611 33.0603 104.1483 38.0 1.55
2017 08 09 09 40 22.168 28.4121 104.9544 0.2 0.83
2017 08 09 09 40 51.383 33.0655 104.0860 33.5 1.0
2017 08 09 09 41 15.192 32.9349 104.2384 31.3 1.74
2017 08 09 09 42 19.136 33.0331 104.1973 41.1 1.39
2017 08 09 09 43 17.783 33.1624 103.8528 14.7 1.94
2017 08 09 09 44 03.875 33.2633 103.7721 3.6 1.93
2017 08 09 09 45 17.135 33.2209 104.2449 30.1 0.92
2017 08 09 09 46 10.681 33.1807 103.8031 15.7 1.73
2017 08 09 09 46 48.355 33.1210 103.8717 17.7 1.27
2017 08 09 09 49 35.277 32.8914 103.9497 31.7 1.48
2017 08 09 09 51 54.301 33.0365 104.1694 39.5 0.97
2017 08 09 09 53 44.148 32.9722 104.2232 35.7 1.28
2017 08 09 09 54 23.232 33.1475 103.8244 15.0 1.41
2017 08 09 09 57 16.731 26.8148 101.9956 21.8 1.33
2017 08 09 09 57 26.327 33.1862 103.8433 0.0 1.64
2017 08 09 09 59 16.416 29.2381 104.7779 12.4 2.14
2017 08 09 09 59 23.440 33.3170 103.7520 12.6 1.69
2017 08 09 10 00 37.515 33.0045 104.2763 2.8 1.78
2017 08 09 10 02 14.437 33.1102 104.1375 43.0 1.52
2017 08 09 10 05 18.107 32.9970 103.9295 0.0 1.39
2017 08 09 10 06 23.213 33.2454 103.8004 14.9 1.61
2017 08 09 10 07 01.452 33.1475 104.1410 45.2 1.44
2017 08 09 10 15 14.427 32.9724 104.1461 34.0 1.82
2017 08 09 10 15 55.714 33.1712 103.8312 18.2 1.8
2017 08 09 10 17 03.094 33.1410 103.8414 15.9 4.72
2017 08 09 10 17 57.948 29.3625 103.1496 0.3 3.28
2017 08 09 10 24 34.772 31.3074 103.3902 13.4 1.55
2017 08 09 10 26 25.941 33.2667 103.7851 18.3 1.49
2017 08 09 10 28 08.944 33.0414 103.8728 40.4 1.56
2017 08 09 10 28 51.322 33.1407 103.8763 16.6 1.76
2017 08 09 10 29 31.690 33.2306 103.7582 12.2 2.02
2017 08 09 10 30 14.682 33.2278 103.7588 10.0 2.43
2017 08 09 10 31 44.880 33.1947 103.8362 16.8 1.75
2017 08 09 10 32 42.670 33.3367 103.7895 2.0 1.38
2017 08 09 10 34 08.147 32.0303 104.3234 3.3 1.49
2017 08 09 10 35 46.201 33.1727 103.8136 16.3 1.06
2017 08 09 10 36 58.854 33.2270 103.7559 27.4 0.98
2017 08 09 10 37 27.064 29.2082 104.8059 15.0 0.16
2017 08 09 10 39 08.752 33.1145 103.9479 28.2 1.27
2017 08 09 10 39 40.967 33.2747 103.7825 6.6 1.24
2017 08 09 10 40 19.908 33.2672 103.7634 9.0 1.99
2017 08 09 10 40 47.118 28.4486 104.6701 31.7 0.67
2017 08 09 10 42 03.036 33.2931 103.7968 16.8 1.52
2017 08 09 10 44 49.152 33.0602 103.9211 16.5 2.01
2017 08 09 10 47 23.877 33.0941 103.9891 31.3 1.3
2017 08 09 10 48 49.893 33.2276 103.8043 15.0 2.45
2017 08 09 10 53 07.979 33.3168 103.7694 7.4 1.59
2017 08 09 10 54 37.479 33.1313 103.8755 14.6 1.54
2017 08 09 10 56 01.740 33.1982 104.4581 9.1 0.74
2017 08 09 10 56 38.006 33.2540 103.7599 0.0 1.78
2017 08 09 10 58 29.461 33.2700 103.7634 6.2 1.79
2017 08 09 11 01 12.664 33.0715 103.9999 29.1 1.46
2017 08 09 11 02 27.919 33.1841 103.8045 10.4 1.97
2017 08 09 11 04 44.697 33.2480 103.7860 12.8 1.71
2017 08 09 11 05 01.242 31.0120 104.5662 25.4 1.09
2017 08 09 11 05 09.094 33.1606 104.0051 34.3 1.16
2017 08 09 11 05 47.965 33.0179 104.3487 38.1 1.37
2017 08 09 11 06 30.702 33.3288 103.7517 0.0 1.56
2017 08 09 11 07 07.381 33.3291 103.7426 2.5 3.15
2017 08 09 11 09 50.309 33.3858 103.7491 44.9 2.01
2017 08 09 11 11 41.300 32.8431 104.2577 44.6 1.64
2017 08 09 11 13 57.262 33.0366 104.0410 28.1 1.39
2017 08 09 11 14 39.519 33.1594 103.3233 20.2 1.56
2017 08 09 11 16 25.828 33.2400 103.7525 21.7 1.55
2017 08 09 11 18 59.205 33.0593 104.3200 42.3 1.1
2017 08 09 11 19 16.177 33.2471 103.7526 9.1 1.78
2017 08 09 11 19 32.639 33.1685 103.8103 8.8 2.04
2017 08 09 11 20 29.930 33.2831 103.7760 10.1 1.85
2017 08 09 11 22 26.970 33.1040 103.8803 15.5 2.79
2017 08 09 11 24 07.558 33.2254 103.7429 13.0 1.89
2017 08 09 11 27 12.128 34.1971 103.1297 8.9 1.9
2017 08 09 11 27 52.990 33.0246 103.9262 12.0 1.92
2017 08 09 11 28 42.693 33.1585 103.8406 7.8 2.6
2017 08 09 11 29 57.827 31.8726 104.7016 0.0 1.22
2017 08 09 11 31 35.883 33.0653 104.0130 29.5 1.17
2017 08 09 11 33 24.885 33.0670 104.1733 42.1 1.47
2017 08 09 11 34 18.812 33.2901 103.7891 17.8 1.66
2017 08 09 11 35 35.950 33.2097 103.8234 15.6 2.21
2017 08 09 11 37 49.492 33.4349 104.2192 14.5 1.41
2017 08 09 11 37 56.976 33.3104 103.7874 0.0 2.21
2017 08 09 11 39 56.587 28.3260 104.6854 14.8 0.37
2017 08 09 11 42 07.459 33.0961 103.8703 26.5 1.83
2017 08 09 11 43 04.663 33.1176 103.8574 10.2 2.34
2017 08 09 11 43 20.437 33.1265 103.8838 10.9 2.28
2017 08 09 11 45 26.468 33.2548 103.7909 16.7 2.12
2017 08 09 11 46 33.946 33.1552 103.8045 18.7 1.37
2017 08 09 11 47 04.488 29.2441 104.7838 8.5 0.57
2017 08 09 11 49 06.615 33.5257 103.9471 18.7 1.5
2017 08 09 11 49 46.251 32.9995 104.0476 29.5 1.67
2017 08 09 11 50 47.310 33.2350 103.7421 0.1 1.53
2017 08 09 11 52 35.144 31.5932 99.6353 45.7 1.61
2017 08 09 11 52 49.846 33.0265 104.6630 10.7 1.75
2017 08 09 11 53 53.920 33.2065 103.7620 27.6 1.99
2017 08 09 11 54 42.172 33.0023 104.0487 28.3 1.72
2017 08 09 11 56 22.758 33.2515 103.7513 10.6 1.75
2017 08 09 11 58 52.601 32.9542 104.3778 33.1 1.28
2017 08 09 11 59 45.876 33.3314 103.7036 1.7 2.46
2017 08 09 12 00 26.428 33.0103 104.0293 28.3 1.38
2017 08 09 12 04 10.489 33.1983 103.7766 0.0 1.72
2017 08 09 12 06 33.325 33.2551 103.7541 12.5 1.91
2017 08 09 12 10 03.239 33.0514 104.0067 30.7 1.06
2017 08 09 12 10 28.082 33.1028 103.8839 18.5 1.73
2017 08 09 12 14 00.712 32.8962 104.2491 17.1 1.29
2017 08 09 12 14 14.491 30.7864 103.3009 8.0 1.23
2017 08 09 12 18 27.675 29.4152 104.8784 17.0 0.65
2017 08 09 12 18 28.828 33.0395 104.0535 31.8 1.02
2017 08 09 12 19 23.802 29.4111 104.8398 17.3 0.57
2017 08 09 12 20 07.955 29.3614 105.0054 27.1 0.14
2017 08 09 12 20 59.098 29.3917 104.9468 19.6 0.09
2017 08 09 12 22 47.240 29.4231 104.8822 17.1 0.55
2017 08 09 12 22 51.196 28.4371 101.8887 0.0 1.53
2017 08 09 12 24 17.888 33.0662 104.5719 31.7 1.05
2017 08 09 12 24 37.604 29.3557 105.0012 28.2 nan
2017 08 09 12 25 28.236 29.4458 105.0323 25.8 0.06
2017 08 09 12 25 57.997 33.1469 103.8099 34.0 1.27
2017 08 09 12 26 17.589 29.3741 104.8487 23.4 nan
2017 08 09 12 27 04.955 29.2100 104.8269 10.7 0.17
2017 08 09 12 27 13.716 33.2515 103.8456 4.1 1.09
2017 08 09 12 27 53.957 27.9988 102.0964 0.0 0.64
2017 08 09 12 27 59.034 29.4008 104.9582 21.0 0.04
2017 08 09 12 28 28.917 33.1901 103.8226 26.5 1.73
2017 08 09 12 28 53.517 33.2420 103.7887 13.0 2.29
2017 08 09 12 29 55.225 29.4084 105.0149 18.3 0.11
2017 08 09 12 30 03.417 31.2728 105.4271 28.6 1.7
2017 08 09 12 30 41.192 29.4080 104.9966 22.6 0.09
2017 08 09 12 30 48.014 33.2231 103.7172 7.6 1.57
2017 08 09 12 31 42.790 29.2353 104.7995 11.7 0.01
2017 08 09 12 32 01.510 33.2731 103.7726 10.9 2.51
2017 08 09 12 32 42.718 29.3737 104.9246 20.3 0.05
2017 08 09 12 33 35.899 29.4041 104.9911 21.3 0.03
2017 08 09 12 34 10.150 29.4363 105.1557 21.6 0.62
2017 08 09 12 34 33.611 32.9352 104.3156 28.8 1.45
2017 08 09 12 35 05.396 29.4290 104.8808 20.1 0.58
2017 08 09 12 39 41.135 33.1565 103.8372 16.2 2.64
2017 08 09 12 41 40.492 31.6368 103.6661 48.7 0.99
2017 08 09 12 42 53.129 33.0408 104.2220 42.5 1.71
2017 08 09 12 43 34.083 33.1954 103.8026 15.0 2.47
2017 08 09 12 43 55.038 33.1581 103.8834 15.4 3.26
2017 08 09 12 45 28.798 33.3275 103.9506 43.6 1.69
2017 08 09 12 46 44.259 33.0739 104.2709 43.5 1.2
2017 08 09 12 47 32.896 33.2535 103.7801 7.5 1.69
2017 08 09 12 49 07.521 32.8688 104.2784 19.6 1.78
2017 08 09 12 49 54.270 29.3759 104.9926 16.0 0.28
2017 08 09 12 50 17.660 32.9739 104.2127 34.7 1.62
2017 08 09 12 50 47.901 27.7768 102.1008 28.0 0.44
2017 08 09 12 51 24.413 26.9082 101.9459 36.8 1.53
2017 08 09 12 52 29.727 28.3347 104.4964 17.8 0.86
2017 08 09 12 53 41.137 28.4103 104.9544 4.2 1.44
2017 08 09 12 53 52.023 33.2379 103.7767 12.6 1.83
2017 08 09 13 02 05.659 29.2361 104.7659 9.2 1.02
2017 08 09 13 02 05.480 32.8883 104.3835 23.0 1.6
2017 08 09 13 03 43.429 28.2192 104.9001 22.7 0.64
2017 08 09 13 04 34.312 33.2211 103.8273 9.1 1.75
2017 08 09 13 09 33.332 33.3204 103.7429 17.5 1.88
2017 08 09 13 11 28.619 33.1277 103.8606 12.5 2.21
2017 08 09 13 13 01.674 33.1251 103.8537 15.7 2.37
2017 08 09 13 15 36.577 33.1944 103.7744 5.8 1.33
2017 08 09 13 17 16.314 33.1803 103.8045 15.2 1.89
2017 08 09 13 17 47.621 33.2859 103.7466 16.2 2.14
2017 08 09 13 20 48.581 29.2390 104.7818 12.5 1.74
2017 08 09 13 25 45.393 31.7585 104.2817 11.4 1.03
2017 08 09 13 26 07.282 31.1271 105.8207 20.0 0.79
2017 08 09 13 26 08.841 33.2110 103.8674 24.9 0.94
2017 08 09 13 27 14.580 32.2644 104.8094 44.1 1.44
2017 08 09 13 30 44.290 33.0373 104.2152 32.8 1.33
2017 08 09 13 33 20.989 32.9322 104.2163 32.5 1.45
2017 08 09 13 34 58.521 33.0594 104.0823 33.0 1.42
2017 08 09 13 36 18.170 33.1274 104.1435 32.1 0.79
2017 08 09 13 37 23.051 33.0416 103.8901 22.3 1.26
2017 08 09 13 38 45.862 33.2859 103.7398 0.0 1.48
2017 08 09 13 40 36.120 28.1124 104.6970 13.6 1.31
2017 08 09 13 40 35.434 33.1853 103.8447 17.9 1.27
2017 08 09 13 40 45.926 33.2831 103.7415 15.6 1.93
2017 08 09 13 47 24.041 33.0332 104.4446 38.0 1.45
2017 08 09 13 49 22.594 33.0516 104.0354 29.7 1.13
2017 08 09 13 49 41.103 33.1300 103.7794 3.3 1.55
2017 08 09 13 50 39.414 32.8117 106.6057 48.0 1.75
2017 08 09 13 52 56.271 33.2384 103.6820 31.4 1.26
2017 08 09 13 54 22.411 32.7804 103.5846 33.8 0.97
2017 08 09 13 55 22.459 33.1496 103.8452 15.5 1.59
2017 08 09 13 57 38.131 33.1713 103.7998 26.6 1.38
2017 08 09 13 57 47.223 29.1935 104.7915 16.1 0.16
2017 08 09 13 58 39.263 32.3166 105.2141 38.1 1.58
2017 08 09 13 58 51.311 30.5119 103.8145 49.3 1.98
2017 08 09 13 59 06.098 29.2049 102.2047 46.8 1.95
2017 08 09 13 59 11.002 27.4600 101.8588 29.0 2.23
2017 08 09 13 59 45.854 32.9991 103.9800 14.0 1.76
2017 08 09 14 00 20.794 33.1686 103.8460 15.3 1.85
2017 08 09 14 01 59.666 29.7889 106.5792 2.3 2.12
2017 08 09 14 02 45.006 33.0336 104.0643 30.9 1.41
2017 08 09 14 04 48.191 33.2399 103.7838 19.4 1.14
2017 08 09 14 07 46.322 32.9424 104.2037 34.3 1.65
2017 08 09 14 09 00.563 29.3768 104.9570 20.5 0.06
2017 08 09 14 09 46.166 33.0061 103.9792 13.6 1.5
2017 08 09 14 11 08.290 29.4093 104.9885 20.2 0.51
2017 08 09 14 12 17.447 29.2420 104.8332 12.0 0.53
2017 08 09 14 12 23.170 33.1473 104.4262 23.0 0.82
2017 08 09 14 13 31.504 29.3616 104.9097 20.3 0.29
2017 08 09 14 13 31.617 32.9330 104.2907 44.7 1.89
2017 08 09 14 14 15.763 33.3083 103.7765 7.5 2.94
2017 08 09 14 15 06.897 28.2856 104.5296 22.1 0.07
2017 08 09 14 17 45.371 33.2374 103.7764 22.5 1.59
2017 08 09 14 20 13.514 33.1656 103.8464 12.8 1.68
2017 08 09 14 24 02.145 33.3082 103.7762 15.7 2.52
2017 08 09 14 26 15.869 33.1013 103.8733 15.8 2.47
2017 08 09 14 27 04.265 33.1983 103.7873 20.9 1.61
2017 08 09 14 30 01.427 33.3063 103.7597 13.4 1.54
2017 08 09 14 30 29.278 33.3032 103.7798 42.4 1.56
2017 08 09 14 32 55.722 33.1871 103.7864 27.2 1.82
2017 08 09 14 35 27.512 32.9547 104.2065 31.0 1.89
2017 08 09 14 35 40.311 29.2191 104.7902 12.9 0.33
2017 08 09 14 37 38.140 33.0503 104.2669 44.2 0.9
2017 08 09 14 37 58.899 33.0718 104.0541 32.0 1.12
2017 08 09 14 41 01.357 32.2225 102.6167 8.6 3.55
2017 08 09 14 41 52.959 29.5295 104.7131 35.0 1.43
2017 08 09 14 41 54.170 28.5208 103.9388 37.9 1.76
2017 08 09 14 42 10.997 32.6209 97.0107 17.3 1.9
2017 08 09 14 43 14.903 32.2333 102.6138 4.2 2.05
2017 08 09 14 43 20.464 30.8215 103.2851 8.6 2.04
2017 08 09 14 47 10.959 33.0895 104.1236 36.2 1.7
2017 08 09 14 48 52.242 33.0340 104.1865 45.6 1.06
2017 08 09 14 51 20.272 33.3019 103.7422 10.9 2.17
2017 08 09 14 52 24.581 33.0409 104.0494 32.1 1.48
2017 08 09 14 53 53.655 33.3083 103.7711 15.3 2.46
2017 08 09 14 55 17.041 33.1858 103.8596 13.1 1.95
2017 08 09 14 55 41.993 33.1232 103.8579 12.6 2.41
2017 08 09 15 01 14.563 33.5252 103.7018 49.9 1.32
2017 08 09 15 03 02.836 33.0469 104.0326 31.4 1.15
2017 08 09 15 03 34.037 33.0887 104.3204 44.9 1.53
2017 08 09 15 04 38.055 33.2297 103.7025 5.8 1.93
2017 08 09 15 05 19.072 28.1183 104.6906 19.2 1.69
2017 08 09 15 07 59.466 33.1944 104.2837 38.8 1.37
2017 08 09 15 09 07.950 32.2297 102.6165 3.3 1.59
2017 08 09 15 09 24.569 29.1463 104.8675 20.2 0.22
2017 08 09 15 11 44.610 29.3481 105.4154 48.8 1.68
2017 08 09 15 17 32.695 33.2054 103.7816 7.9 1.9
2017 08 09 15 23 08.650 32.8954 103.8646 38.7 2.42
2017 08 09 15 23 33.868 32.9429 104.5377 18.0 1.82
2017 08 09 15 24 56.739 32.8835 103.2867 50.0 1.23
2017 08 09 15 32 13.645 32.8674 103.7182 36.3 0.99
2017 08 09 15 32 53.800 32.4470 105.0483 5.8 1.12
2017 08 09 15 33 57.699 33.0102 104.1722 34.2 1.23
2017 08 09 15 42 02.453 33.2056 103.8363 25.3 1.71
2017 08 09 15 45 13.478 33.2374 103.7838 12.4 1.46
2017 08 09 15 49 10.688 31.1382 103.4013 18.3 0.61
2017 08 09 15 50 06.795 33.0676 103.9220 19.3 1.89
2017 08 09 15 51 18.394 33.1424 103.7171 25.4 1.69
2017 08 09 15 51 43.542 33.2570 103.7519 17.0 1.95
2017 08 09 15 58 11.021 33.1660 103.9076 26.5 1.0
2017 08 09 16 00 37.419 33.2849 103.7562 12.5 2.67
2017 08 09 16 02 29.758 33.1525 103.8173 6.3 1.78
2017 08 09 16 04 33.788 33.0079 104.5748 2.1 1.69
2017 08 09 16 06 10.828 33.1666 103.8105 28.3 1.61
2017 08 09 16 07 10.110 32.0333 98.3547 35.9 2.05
2017 08 09 16 07 29.804 33.0320 104.0626 31.2 1.28
2017 08 09 16 11 16.083 33.1917 103.7614 0.0 1.48
2017 08 09 16 14 34.502 33.2504 103.7709 15.0 1.86
2017 08 09 16 15 55.366 33.2531 103.7777 16.1 2.44
2017 08 09 16 18 28.954 29.2547 104.8566 19.2 0.19
2017 08 09 16 18 39.897 33.2474 103.7685 12.1 2.02
2017 08 09 16 20 49.871 33.2199 103.7597 15.0 1.9
2017 08 09 16 23 29.365 31.6598 104.0852 17.7 1.7
2017 08 09 16 25 18.596 31.7048 104.0658 19.0 1.09
2017 08 09 16 31 53.024 29.2124 104.7931 14.4 0.42
2017 08 09 16 34 02.632 33.2661 103.7782 6.4 1.86
2017 08 09 16 37 00.473 27.0549 102.0737 11.0 1.46
2017 08 09 16 37 17.439 33.1680 103.8822 18.8 1.13
2017 08 09 16 40 38.881 33.0672 104.1396 42.3 1.51
2017 08 09 16 42 20.638 33.1907 103.8382 1.4 1.79
2017 08 09 16 53 40.544 26.6020 101.9899 21.5 1.68
2017 08 09 16 56 05.057 33.0652 104.2238 35.6 1.83
2017 08 09 16 59 33.584 33.2006 103.8028 14.8 1.82
2017 08 09 17 04 29.803 33.0322 104.0281 27.9 1.95
2017 08 09 17 05 21.371 33.0614 104.1742 42.0 1.47
2017 08 09 17 06 52.348 33.1416 103.9400 42.0 0.97
2017 08 09 17 13 19.227 32.9899 104.0109 16.6 1.55
2017 08 09 17 14 04.094 32.2205 102.6165 8.1 2.63
2017 08 09 17 16 32.446 33.3127 103.7507 25.7 1.22
2017 08 09 17 16 58.270 33.0051 104.1538 34.3 1.38
2017 08 09 17 19 27.935 33.2832 103.7889 0.4 1.82
2017 08 09 17 22 39.402 32.7602 101.8658 6.4 1.7
2017 08 09 17 22 54.506 33.2241 103.7841 14.4 3.08
2017 08 09 17 24 24.197 29.1470 103.5177 15.4 1.61
2017 08 09 17 27 50.635 33.1394 103.7985 25.4 1.9
2017 08 09 17 37 00.040 33.0548 104.3650 47.3 1.05
2017 08 09 17 37 44.277 33.0983 104.6663 25.3 1.29
2017 08 09 17 37 50.689 32.3530 104.0914 49.9 1.31
2017 08 09 17 40 34.316 32.3969 105.1402 16.2 0.64
2017 08 09 17 43 36.244 29.2120 104.7826 14.2 0.74
2017 08 09 17 49 31.561 33.1075 103.8676 12.6 2.59
2017 08 09 17 50 10.338 26.4691 102.0820 17.5 1.55
2017 08 09 17 52 59.221 33.2676 103.7808 12.8 2.3
2017 08 09 17 56 04.622 33.0137 104.2868 39.6 1.34
2017 08 09 18 00 28.416 33.2283 103.7989 17.5 1.69
2017 08 09 18 01 57.865 33.1740 103.8429 8.1 1.95
2017 08 09 18 02 40.931 33.2664 103.7674 19.4 1.55
2017 08 09 18 04 16.273 33.2076 103.8124 19.3 1.32
2017 08 09 18 05 05.050 33.2400 103.8117 8.5 1.69
2017 08 09 18 07 07.105 33.1865 103.7968 12.4 1.64
2017 08 09 18 08 45.281 33.0225 104.6473 12.4 1.21
2017 08 09 18 13 17.907 33.3273 103.9295 5.3 1.68
2017 08 09 18 15 19.357 33.1045 103.8709 16.3 3.0
2017 08 09 18 16 13.109 29.5943 104.4801 46.9 1.15
2017 08 09 18 17 16.223 33.2425 103.7759 13.6 2.34
2017 08 09 18 19 13.637 33.0595 104.2522 43.9 0.94
2017 08 09 18 19 34.264 33.1189 104.6722 13.5 1.02
2017 08 09 18 19 37.071 29.2638 104.7918 0.1 0.46
2017 08 09 18 20 21.268 31.7167 107.5292 43.2 2.86
2017 08 09 18 21 52.210 33.1258 103.8645 15.3 2.98
2017 08 09 18 23 23.482 33.2753 103.7899 15.1 2.27
2017 08 09 18 25 22.625 33.1685 103.8569 29.7 2.57
2017 08 09 18 35 31.745 33.2504 103.7734 10.0 1.69
2017 08 09 18 37 36.912 33.1051 104.3281 40.8 0.99
2017 08 09 18 39 16.306 33.2761 103.8174 19.1 1.42
2017 08 09 18 39 54.922 33.2512 103.7125 1.1 1.41
2017 08 09 18 42 16.083 33.1992 103.8081 28.5 1.43
2017 08 09 18 42 46.284 28.0439 104.7079 11.7 1.48
2017 08 09 18 43 43.972 32.9908 104.4270 40.4 1.27
2017 08 09 18 44 34.405 33.2382 103.7568 25.0 1.47
2017 08 09 18 46 47.379 33.2786 104.0019 38.1 0.78
2017 08 09 18 50 09.158 33.0634 103.9917 25.4 1.15
2017 08 09 18 56 44.715 29.0501 102.2247 10.4 1.25
2017 08 09 18 58 07.762 33.2473 103.7728 10.5 1.52
2017 08 09 19 02 29.019 33.1927 103.7843 14.9 1.65
2017 08 09 19 03 43.444 33.2511 103.7751 15.3 2.3
2017 08 09 19 05 17.190 32.9711 104.4352 34.5 1.16
2017 08 09 19 06 24.366 33.5188 103.9459 25.4 1.17
2017 08 09 19 09 41.727 33.1335 103.8867 16.4 2.09
2017 08 09 19 10 15.653 33.2873 103.7850 12.5 2.11
2017 08 09 19 11 09.705 33.2470 103.7809 14.7 2.68
2017 08 09 19 12 38.283 33.1881 103.7613 7.1 1.44
2017 08 09 19 13 09.067 33.1853 103.7974 19.1 1.61
2017 08 09 19 13 30.048 33.2920 103.7972 6.8 1.34
2017 08 09 19 17 02.817 33.2825 103.8533 10.7 1.15
2017 08 09 19 19 25.710 33.3176 103.7866 11.0 1.63
2017 08 09 19 21 14.362 33.2732 103.6974 10.8 1.79
2017 08 09 19 24 12.345 33.2216 103.7807 19.8 1.19
2017 08 09 19 25 46.516 33.2721 103.7962 12.0 1.29
2017 08 09 19 29 35.096 33.0800 103.9291 25.9 1.19
2017 08 09 19 30 48.102 33.1337 103.8433 17.4 1.11
2017 08 09 19 31 34.308 33.2978 103.7754 9.1 1.16
2017 08 09 19 32 19.193 33.1804 103.7921 12.5 1.81
2017 08 09 19 32 45.147 33.1365 103.8502 16.9 1.52
2017 08 09 19 32 44.178 29.6984 100.1175 8.4 1.29
2017 08 09 19 33 38.588 33.1549 103.8449 14.9 2.46
2017 08 09 19 34 51.145 33.1736 103.9069 35.0 1.18
2017 08 09 19 36 02.502 33.3009 103.7656 5.2 2.03
2017 08 09 19 38 29.236 33.0769 104.2035 43.4 0.8
2017 08 09 19 39 12.936 33.1821 103.8475 13.8 1.95
2017 08 09 19 41 40.093 33.0570 104.3122 44.9 1.6
2017 08 09 19 42 25.210 33.1944 103.7989 15.0 2.47
2017 08 09 19 44 43.498 33.1104 104.6317 18.8 1.16
2017 08 09 19 48 26.349 33.1275 103.9053 18.4 0.83
2017 08 09 19 48 45.885 33.3236 103.7131 32.9 1.14
2017 08 09 19 50 51.414 33.3683 103.7880 13.5 1.82
2017 08 09 19 50 51.555 29.6493 101.9849 3.3 1.31
2017 08 09 19 51 56.195 33.2949 103.7799 14.4 2.84
2017 08 09 19 53 50.480 33.1205 103.8563 15.3 1.31
2017 08 09 19 55 59.884 33.1176 103.8275 4.2 1.06
2017 08 09 19 57 44.026 33.3169 103.7632 6.7 1.14
2017 08 09 20 03 04.803 33.1497 103.8500 15.2 3.51
2017 08 09 20 03 56.133 29.6966 104.4076 48.7 2.12
2017 08 09 20 06 53.247 29.2348 104.7552 8.4 0.86
2017 08 09 20 09 09.717 33.2785 103.7987 13.8 1.54
2017 08 09 20 11 47.786 33.3182 103.7514 17.5 2.03
2017 08 09 20 13 55.352 33.2851 103.8017 10.0 1.12
2017 08 09 20 15 03.796 33.2113 103.8130 10.3 1.02
2017 08 09 20 17 01.767 33.5965 103.9436 20.0 1.0
2017 08 09 20 17 30.409 33.0047 104.1662 43.4 1.14
2017 08 09 20 17 47.737 33.2529 103.7565 0.0 1.21
2017 08 09 20 18 46.824 33.6089 103.9522 20.5 1.16
2017 08 09 20 19 12.273 33.1294 104.3191 15.0 -0.21
2017 08 09 20 19 28.923 33.2002 103.8592 10.3 0.86
2017 08 09 20 20 43.698 31.8628 104.3828 9.7 0.82
2017 08 09 20 20 38.442 33.1958 103.7992 6.2 2.14
2017 08 09 20 22 12.633 33.3006 103.7531 16.2 1.88
2017 08 09 20 23 10.454 33.0827 103.9950 30.1 1.2
2017 08 09 20 28 44.206 33.1258 103.8492 17.5 2.28
2017 08 09 20 30 52.004 33.3036 103.7763 13.2 2.74
2017 08 09 20 34 14.912 33.2046 103.7810 27.7 1.49
2017 08 09 20 43 12.724 33.1034 104.2636 47.4 1.41
2017 08 09 20 46 13.435 33.3533 103.7295 42.1 1.56
2017 08 09 20 47 34.381 32.0995 104.7275 27.6 0.63
2017 08 09 20 50 14.672 33.3569 103.7955 0.0 1.9
2017 08 09 20 51 46.019 32.9784 104.2064 31.7 1.43
2017 08 09 20 53 58.998 33.1852 103.7921 0.0 1.26
2017 08 09 20 56 01.067 33.1482 103.8516 16.2 2.34
