2016 05 18 00 48 48.440 26.0820 099.5840 17.3 5.47
2016 05 18 00 49 54.740 26.0890 099.5830 11.2 2.81
2016 05 18 00 51 18.980 26.0810 099.5790 7.0 2.81
2016 05 18 00 52 09.160 26.0880 099.5850 12.9 1.93
2016 05 18 00 52 47.060 26.0690 099.5790 12.3 2.55
2016 05 18 00 53 43.660 26.0930 099.5940 5.1 1.84
2016 05 18 00 54 33.730 26.1627 099.3985 0.0 1.58
2016 05 18 00 55 49.820 26.0930 099.5940 10.6 1.58
2016 05 18 00 56 24.410 26.0790 099.5750 12.2 2.46
2016 05 18 00 57 24.900 25.9353 099.6761 0.0 0.96
2016 05 18 00 58 10.510 26.0520 099.5970 14.4 1.13
2016 05 18 00 58 16.490 26.0600 099.6190 5.0 1.40
2016 05 18 00 58 53.480 25.6272 099.3164 0.0 0.51
2016 05 18 00 59 40.430 26.0920 099.5890 9.4 1.58
2016 05 18 01 00 02.870 26.1000 099.5930 5.0 1.22
2016 05 18 01 00 44.660 26.0260 099.6010 7.8 1.13
2016 05 18 01 01 15.580 25.8306 099.6920 0.0 0.51
2016 05 18 01 01 28.150 26.0508 099.6342 0.0 0.87
2016 05 18 01 02 32.920 26.0714 099.5783 10.6 1.13
2016 05 18 01 03 14.950 26.0850 099.5720 6.0 2.55
2016 05 18 01 03 51.250 26.0710 099.5860 5.0 3.61
2016 05 18 01 04 37.850 26.0902 099.5726 9.4 2.37
2016 05 18 01 05 11.380 26.0990 099.5780 7.8 4.94
2016 05 18 01 06 31.290 26.0710 099.5850 6.0 3.26
2016 05 18 01 07 09.060 26.1016 099.5649 5.0 2.37
2016 05 18 01 08 30.290 26.1214 099.5583 6.9 2.19
2016 05 18 01 08 45.410 26.0840 099.5700 6.0 2.99
2016 05 18 01 10 46.000 26.0700 099.5970 6.0 1.93
2016 05 18 01 12 30.370 26.0820 099.5950 6.0 1.58
2016 05 18 01 13 27.590 26.0237 099.6057 11.0 0.87
2016 05 18 01 14 02.860 26.1700 099.2990 0.0 1.22
2016 05 18 01 14 14.450 26.0878 099.5676 5.8 1.66
2016 05 18 01 14 28.430 26.1040 099.5830 6.0 1.58
2016 05 18 01 16 37.630 26.0684 099.5868 5.0 2.02
2016 05 18 01 17 42.580 26.1535 099.2515 0.0 0.87
2016 05 18 01 18 09.450 26.0684 099.5803 4.9 0.96
2016 05 18 01 18 39.270 26.0940 099.5910 6.0 1.13
2016 05 18 01 19 02.460 26.1599 099.2748 0.0 1.40
2016 05 18 01 19 38.030 26.1000 099.5730 6.0 2.46
2016 05 18 01 20 15.330 26.1686 099.2952 0.0 1.04
2016 05 18 01 20 45.520 26.1769 099.3350 0.0 0.96
2016 05 18 01 22 10.230 26.1772 099.3417 0.0 1.04
2016 05 18 01 22 49.560 25.6040 099.5284 0.0 0.69
2016 05 18 01 23 03.080 26.1419 099.2202 0.0 0.34
2016 05 18 01 23 45.230 26.0700 099.5930 6.0 1.31
2016 05 18 01 25 42.660 26.1576 099.2670 0.0 1.04
2016 05 18 01 26 17.300 26.0930 099.5810 6.0 1.84
2016 05 18 01 27 26.080 26.1585 099.2865 0.0 0.78
2016 05 18 01 27 59.930 26.0840 099.5770 6.0 2.81
2016 05 18 01 29 18.840 26.0920 099.5750 6.0 3.08
2016 05 18 01 31 50.590 26.0860 099.5650 7.8 2.64
2016 05 18 01 32 36.460 26.0850 099.5850 7.8 1.49
2016 05 18 01 32 58.470 26.0930 099.5800 7.8 1.84
2016 05 18 01 33 23.270 26.0723 099.5845 7.4 1.31
2016 05 18 01 34 31.610 26.0349 099.6271 5.5 0.69
2016 05 18 01 35 20.960 26.1712 099.5186 0.0 0.87
2016 05 18 01 35 29.850 26.0771 099.5953 5.0 1.22
2016 05 18 01 36 09.750 26.0580 099.5830 7.8 1.84
2016 05 18 01 36 42.260 26.0860 099.5750 7.8 2.64
2016 05 18 01 37 43.710 25.6555 099.1805 0.0 0.51
2016 05 18 01 38 42.560 26.0050 099.1230 0.0 0.34
2016 05 18 01 39 01.910 26.1010 099.5830 7.8 0.96
2016 05 18 01 39 29.340 26.1110 099.5840 7.8 1.49
2016 05 18 01 40 29.220 26.0860 099.5698 6.1 0.96
2016 05 18 01 40 44.180 25.9990 099.1290 0.0 0.16
2016 05 18 01 42 12.330 26.0658 099.5832 5.0 0.69
2016 05 18 01 42 41.730 26.1192 099.5829 0.0 0.96
2016 05 18 01 42 52.960 26.1446 099.5037 0.0 0.60
2016 05 18 01 43 09.700 25.8936 099.5087 0.0 0.34
2016 05 18 01 43 34.990 25.6933 099.1549 0.0 0.25
2016 05 18 01 43 44.340 26.0857 099.5919 5.0 1.04
2016 05 18 01 44 16.090 26.0710 099.6000 7.8 1.04
2016 05 18 01 44 35.560 25.6715 099.1803 0.0 0.96
2016 05 18 01 44 52.210 25.6244 099.2898 0.0 0.25
2016 05 18 01 45 26.270 26.0750 099.5970 7.8 1.13
2016 05 18 01 47 34.030 25.6515 099.4585 0.0 0.60
2016 05 18 01 47 55.510 25.9855 099.0391 0.0 0.96
2016 05 18 01 48 23.730 26.1462 099.2368 0.0 0.34
2016 05 18 01 48 39.460 25.6617 099.2188 0.0 0.34
2016 05 18 01 49 17.140 26.0630 099.5961 7.7 1.04
2016 05 18 01 49 46.090 26.0950 099.5740 7.8 3.17
2016 05 18 01 51 00.870 26.1662 099.2558 0.0 0.87
2016 05 18 01 51 41.640 26.1109 099.5804 8.0 0.96
2016 05 18 01 52 51.330 26.0400 099.6140 7.8 1.04
2016 05 18 01 53 07.070 25.7433 099.1013 0.0 0.87
2016 05 18 01 53 18.350 26.1004 099.5036 0.0 0.87
2016 05 18 01 53 36.970 26.1189 099.5799 5.0 0.96
2016 05 18 01 54 40.790 25.9691 099.1064 0.0 -0.19469026548672566
2016 05 18 01 57 50.670 25.6675 099.1580 0.0 0.87
2016 05 18 01 59 36.260 25.9788 099.1082 0.0 0.60
2016 05 18 01 59 45.630 25.6275 099.4122 0.0 0.78
2016 05 18 02 00 08.830 25.8661 099.6732 10.7 0.60
2016 05 18 02 00 20.890 26.1050 099.5740 13.5 2.11
2016 05 18 02 00 41.510 26.0680 099.5730 12.7 2.02
2016 05 18 02 01 20.990 26.0806 099.6005 5.0 1.22
2016 05 18 02 02 29.550 26.1035 099.5820 5.3 0.96
2016 05 18 02 02 51.360 26.0730 099.5925 5.8 0.87
2016 05 18 02 03 03.020 26.0860 099.5980 6.0 1.58
2016 05 18 02 03 44.160 26.0980 099.5580 12.9 1.13
2016 05 18 02 04 27.690 26.0850 099.5720 6.0 0.96
2016 05 18 02 05 02.960 26.0510 099.5790 6.0 1.13
2016 05 18 02 05 26.280 26.1039 099.5652 6.4 1.13
2016 05 18 02 06 13.830 26.1478 099.4289 0.0 0.34
2016 05 18 02 06 54.610 26.1863 099.3062 0.0 0.34
2016 05 18 02 07 53.160 26.0887 099.5767 5.0 0.42
2016 05 18 02 08 19.940 26.1024 099.5733 10.8 1.22
2016 05 18 02 09 19.240 25.9509 099.6348 5.5 0.78
2016 05 18 02 10 18.970 25.7585 099.5692 5.6 0.42
2016 05 18 02 10 30.740 25.7608 099.5212 19.6 0.78
2016 05 18 02 13 04.530 26.1045 099.5943 5.0 1.04
2016 05 18 02 14 14.840 25.8891 099.6674 4.9 0.69
2016 05 18 02 14 20.620 26.0550 099.5720 6.0 1.22
2016 05 18 02 14 39.210 25.6354 099.3009 0.0 0.34
2016 05 18 02 15 13.120 26.1381 099.2134 0.0 0.42
2016 05 18 02 15 33.270 25.8474 099.6902 4.8 0.51
2016 05 18 02 16 27.510 26.0730 099.5870 18.5 2.64
2016 05 18 02 17 10.860 26.0740 099.5850 12.9 1.49
2016 05 18 02 18 05.130 26.0630 099.5670 9.4 1.49
2016 05 18 02 19 21.090 26.0500 099.6050 6.0 1.22
2016 05 18 02 19 24.080 26.0880 099.5730 15.1 1.93
2016 05 18 02 20 00.980 26.0470 099.5760 6.0 1.31
2016 05 18 02 20 15.200 25.9720 099.5540 6.0 1.13
2016 05 18 02 21 24.800 25.6329 099.5280 0.0 0.42
2016 05 18 02 21 55.960 26.0870 099.6040 6.0 0.78
2016 05 18 02 22 20.820 25.8317 099.6927 4.4 1.13
2016 05 18 02 22 28.830 26.1000 099.5760 6.0 1.84
2016 05 18 02 23 17.020 26.0462 099.6122 6.5 0.87
2016 05 18 02 23 32.790 26.1789 099.4061 0.0 0.69
2016 05 18 02 24 14.090 25.7331 099.0975 0.0 0.60
2016 05 18 02 25 12.780 26.0860 099.5610 12.9 2.11
2016 05 18 02 26 14.230 26.0967 099.5676 5.0 0.42
2016 05 18 02 26 32.300 26.1509 099.4474 0.0 0.42
2016 05 18 02 26 43.990 26.0670 099.5720 11.2 1.84
2016 05 18 02 27 15.050 26.0735 099.1735 0.0 0.87
2016 05 18 02 28 42.130 26.0710 099.5770 5.4 0.78
2016 05 18 02 28 47.550 26.0808 099.5810 5.0 1.22
2016 05 18 02 33 33.350 26.0997 099.5819 6.5 1.40
2016 05 18 02 37 30.790 26.0950 099.5850 9.2 1.13
2016 05 18 02 39 47.680 26.0915 099.5599 13.8 0.60
2016 05 18 02 41 46.550 25.9090 099.6410 10.1 0.51
2016 05 18 02 42 43.580 26.0643 099.5804 6.5 0.96
2016 05 18 02 43 23.450 26.0810 099.6000 14.7 2.02
2016 05 18 02 44 10.620 26.0620 099.5810 6.7 1.22
2016 05 18 02 45 06.180 26.0980 099.5850 16.7 2.99
2016 05 18 02 47 17.920 26.1010 099.5800 11.1 0.60
2016 05 18 02 47 38.660 26.0257 099.6152 10.9 0.96
2016 05 18 02 48 29.920 26.0832 099.5813 8.0 0.60
2016 05 18 02 50 07.410 26.0666 099.5791 9.2 0.78
2016 05 18 02 50 40.890 26.1211 099.1952 0.0 0.34
2016 05 18 02 50 59.120 26.0240 099.6172 0.0 0.34
2016 05 18 02 51 14.320 26.1514 099.2428 0.0 0.16
2016 05 18 02 51 23.330 25.6858 099.1173 0.0 0.60
2016 05 18 02 53 04.840 26.1062 099.5807 5.0 0.69
2016 05 18 02 53 48.630 26.1200 099.5850 8.7 0.51
2016 05 18 02 54 55.380 26.0660 099.5790 6.6 1.66
2016 05 18 02 55 26.910 26.0670 099.5720 12.7 1.22
2016 05 18 02 56 24.030 26.0620 099.5960 6.8 1.04
2016 05 18 02 57 32.640 26.1501 099.1765 0.0 0.42
2016 05 18 02 58 10.320 26.0993 099.5935 4.7 1.31
2016 05 18 03 02 00.840 26.2250 099.4820 0.0 0.16
2016 05 18 03 02 44.090 25.8824 099.7185 0.0 0.42
2016 05 18 03 03 35.050 25.9960 099.6000 10.0 0.16
2016 05 18 03 03 44.960 25.9370 099.6360 10.0 0.34
2016 05 18 03 04 30.700 26.0900 099.5890 13.3 1.93
2016 05 18 03 05 34.960 26.0890 099.5980 7.8 0.96
2016 05 18 03 07 10.310 25.9470 099.6590 11.3 0.34
2016 05 18 03 08 05.050 26.0820 099.5810 9.7 0.60
2016 05 18 03 10 47.520 26.0910 099.5900 9.4 1.13
2016 05 18 03 12 42.950 26.0940 099.5640 13.2 0.60
2016 05 18 03 14 00.590 26.1060 099.5830 13.2 0.60
2016 05 18 03 14 51.160 26.0900 099.5710 13.5 1.13
2016 05 18 03 16 18.480 26.1010 099.5670 1.1 1.04
2016 05 18 03 18 19.020 26.1400 099.5540 2.7 0.51
2016 05 18 03 18 25.640 26.1681 099.4919 0.0 0.69
2016 05 18 03 18 47.570 26.0930 099.5940 9.5 1.13
2016 05 18 03 19 05.440 26.1542 099.2647 0.0 0.87
2016 05 18 03 20 39.470 25.8102 099.7137 0.0 0.51
2016 05 18 03 20 44.620 26.0630 099.6200 10.0 0.60
2016 05 18 03 21 19.780 26.0930 099.5900 13.2 0.60
2016 05 18 03 22 44.090 26.0600 099.5770 11.4 2.11
2016 05 18 03 23 29.510 26.0840 099.5760 10.0 0.60
2016 05 18 03 23 56.620 26.0220 099.6650 0.0 0.16
2016 05 18 03 24 01.200 26.0870 099.5730 3.6 0.34
2016 05 18 03 24 23.670 26.0055 099.6894 0.0 0.16
2016 05 18 03 25 44.840 25.8760 099.6985 0.0 0.25
2016 05 18 03 26 07.020 26.1577 099.5045 0.0 0.25
2016 05 18 03 26 15.400 25.7390 099.6439 0.0 0.34
2016 05 18 03 26 33.750 26.0680 099.5660 14.1 1.84
2016 05 18 03 27 50.090 25.6690 099.1292 0.0 0.16
2016 05 18 03 28 27.730 26.0540 099.6020 10.5 0.51
2016 05 18 03 29 46.570 26.0460 099.5980 10.0 0.42
2016 05 18 03 30 26.890 25.7334 099.6832 0.0 0.25
2016 05 18 03 30 33.180 26.0940 099.5800 10.0 0.87
2016 05 18 03 34 46.320 26.0670 099.5910 10.0 1.40
2016 05 18 03 35 46.290 26.0990 099.5900 10.0 0.60
2016 05 18 03 36 13.960 26.0910 099.5780 7.3 1.04
2016 05 18 03 37 58.080 26.0750 099.5760 15.0 0.42
2016 05 18 03 38 51.630 26.0970 099.5690 10.0 0.51
2016 05 18 03 39 34.590 26.0000 099.5610 10.0 0.34
2016 05 18 03 39 45.010 26.0040 099.6090 10.0 0.51
2016 05 18 03 40 19.560 26.0800 099.5780 10.0 0.34
2016 05 18 03 40 33.220 26.0720 099.5720 10.0 0.34
2016 05 18 03 41 15.600 26.0860 099.5850 10.0 0.51
2016 05 18 03 42 01.830 26.1300 099.5620 10.9 0.69
2016 05 18 03 42 46.280 26.0580 099.6000 10.0 0.34
2016 05 18 03 43 38.370 26.0340 099.5820 3.8 0.51
2016 05 18 03 45 05.990 26.1589 099.4356 0.0 0.07
2016 05 18 03 45 14.010 26.0860 099.6050 10.0 0.51
2016 05 18 03 46 07.350 26.0800 099.5980 15.0 0.34
2016 05 18 03 47 24.320 26.0750 099.6040 12.8 2.28
2016 05 18 03 47 31.460 26.0980 099.5930 18.9 2.99
2016 05 18 03 48 16.480 26.0810 099.6040 10.0 1.31
2016 05 18 03 48 31.560 26.1050 099.5820 10.0 1.31
2016 05 18 03 50 06.090 26.0830 099.6010 10.0 0.51
2016 05 18 03 50 18.270 26.1990 099.6310 10.6 2.11
2016 05 18 03 51 11.570 26.0880 099.6100 2.7 1.13
2016 05 18 03 53 16.160 26.0730 099.6020 7.3 0.69
2016 05 18 03 53 37.560 26.0920 099.5940 11.5 0.78
2016 05 18 03 54 02.180 26.0800 099.5780 17.9 2.28
2016 05 18 03 54 53.080 26.0360 099.5790 11.6 0.96
2016 05 18 03 56 42.400 26.1020 099.5990 10.0 0.69
2016 05 18 03 59 54.730 26.0470 099.5990 14.1 0.34
2016 05 18 04 00 57.990 26.0730 099.5870 21.8 2.46
2016 05 18 04 02 15.740 26.0940 099.5720 9.3 1.13
2016 05 18 04 02 21.680 26.0867 099.6223 6.5 1.04
2016 05 18 04 03 29.230 25.8870 099.5370 8.0 0.34
2016 05 18 04 04 21.330 26.0880 099.5940 9.4 1.31
2016 05 18 04 04 27.100 26.0760 099.5720 6.3 2.02
2016 05 18 04 05 40.630 26.0863 099.5820 5.0 0.69
2016 05 18 04 06 52.450 25.9156 099.6374 8.9 0.42
2016 05 18 04 08 48.760 26.0168 099.6689 0.0 0.25
2016 05 18 04 11 01.840 26.0870 099.5780 5.1 0.78
2016 05 18 04 13 35.640 26.1240 099.4560 15.3 0.42
2016 05 18 04 15 47.600 26.1044 099.5872 5.0 1.49
2016 05 18 04 16 42.470 26.0868 099.5697 6.2 1.13
2016 05 18 04 18 54.600 25.9274 099.6417 18.5 0.42
2016 05 18 04 20 17.490 26.1050 099.5810 11.2 1.84
2016 05 18 04 23 02.880 26.0539 099.5909 5.0 0.69
2016 05 18 04 24 30.690 25.9370 099.6760 14.8 -0.017699115044247805
2016 05 18 04 25 17.690 26.0666 099.6038 5.0 0.42
2016 05 18 04 26 40.380 26.1415 099.5656 5.0 0.60
2016 05 18 04 28 54.270 26.0720 099.5810 11.0 1.49
2016 05 18 04 30 53.530 25.6888 099.1203 0.0 0.07
2016 05 18 04 31 31.330 26.1134 099.5219 10.3 0.16
2016 05 18 04 34 10.060 26.1050 099.5920 5.1 0.60
2016 05 18 04 39 11.980 25.8520 099.7250 8.5 0.42
2016 05 18 04 39 42.080 25.8583 099.6822 6.2 0.16
2016 05 18 04 42 16.600 25.8639 099.0545 0.0 0.07
2016 05 18 04 44 29.050 25.6876 099.6054 0.0 -0.19469026548672566
2016 05 18 04 45 51.820 26.0986 099.5691 5.0 0.78
2016 05 18 04 46 37.190 25.8840 099.4740 5.1 0.16
2016 05 18 04 51 06.540 26.0930 099.5720 7.7 2.28
2016 05 18 04 53 15.040 26.0750 099.5900 15.4 2.37
2016 05 18 04 54 10.920 25.8788 099.6681 18.5 0.96
2016 05 18 04 56 20.340 25.7980 099.5490 11.4 0.16
2016 05 18 04 57 12.930 26.0722 099.5940 5.0 0.60
2016 05 18 04 57 51.190 26.1541 099.2613 0.0 -0.017699115044247805
2016 05 18 04 58 53.540 26.1742 099.3912 0.0 0.07
2016 05 18 05 02 02.010 26.0780 099.5970 9.5 0.25
2016 05 18 05 03 14.850 26.0710 099.5780 10.2 0.51
2016 05 18 05 03 28.740 26.0930 099.5810 15.6 0.51
2016 05 18 05 04 10.550 26.0810 099.5870 8.9 0.34
2016 05 18 05 04 23.430 26.1090 099.5670 10.4 0.42
2016 05 18 05 05 36.730 26.0950 099.5840 13.4 1.31
2016 05 18 05 05 53.650 26.0830 099.5890 10.3 0.87
2016 05 18 05 06 40.720 26.0760 099.5860 13.3 0.60
2016 05 18 05 09 06.390 26.1070 099.5670 14.2 1.04
2016 05 18 05 09 43.750 26.0910 099.5690 14.4 1.22
2016 05 18 05 12 42.980 26.0730 099.5660 7.9 0.42
2016 05 18 05 12 52.980 26.0310 099.6470 0.0 -0.017699115044247805
2016 05 18 05 13 41.780 26.0950 099.5810 10.8 0.96
2016 05 18 05 15 15.570 26.0960 099.5830 9.6 0.87
2016 05 18 05 18 04.320 25.9850 099.6510 0.0 -0.10619469026548663
2016 05 18 05 18 56.530 25.8880 099.6480 0.0 -0.017699115044247805
2016 05 18 05 21 14.410 26.0590 099.5850 15.9 0.34
2016 05 18 05 22 10.770 25.9870 099.6190 17.5 0.69
2016 05 18 05 23 22.170 26.0780 099.5690 8.7 0.87
2016 05 18 05 25 29.130 26.0480 099.5780 8.0 0.87
2016 05 18 05 25 50.400 26.1190 099.5580 12.6 0.69
2016 05 18 05 27 11.710 26.0290 099.6460 0.0 0.07
2016 05 18 05 27 51.160 26.0850 099.6140 5.9 0.78
2016 05 18 05 28 27.620 26.0600 099.5850 6.9 0.60
2016 05 18 05 29 02.050 26.0690 099.6250 0.0 -0.017699115044247805
2016 05 18 05 29 42.570 26.0540 099.5800 9.7 0.42
2016 05 18 05 30 11.130 26.0770 099.5720 13.0 0.34
2016 05 18 05 30 45.150 26.0860 099.5890 7.1 0.96
2016 05 18 05 31 35.880 26.0630 099.5770 9.4 1.04
2016 05 18 05 32 26.360 26.0520 099.5900 6.7 1.04
2016 05 18 05 35 45.550 26.1030 099.5970 6.0 0.69
2016 05 18 05 36 30.810 26.0670 099.5870 14.5 1.84
2016 05 18 05 37 26.150 26.1020 099.5820 6.0 0.51
2016 05 18 05 38 23.220 26.0750 099.5980 5.5 0.51
2016 05 18 05 40 34.410 26.0770 099.5820 10.9 1.13
2016 05 18 05 41 22.300 26.0510 099.5940 18.7 0.51
2016 05 18 05 41 54.340 26.0000 099.6150 6.0 -0.10619469026548663
2016 05 18 05 43 43.780 26.0830 099.5980 11.4 0.69
2016 05 18 05 44 11.070 26.0840 099.5710 8.0 0.60
2016 05 18 05 44 35.800 26.1050 099.5710 9.8 0.42
2016 05 18 05 48 38.130 25.9480 099.6210 6.0 0.25
2016 05 18 05 49 03.770 26.0270 099.5080 17.1 -0.017699115044247805
2016 05 18 05 50 21.060 25.9340 099.6620 6.0 0.07
2016 05 18 05 50 40.080 25.9850 099.6510 0.0 0.16
2016 05 18 05 52 11.560 26.0590 099.5950 8.1 0.78
2016 05 18 05 52 43.490 26.1070 099.5800 12.0 0.60
2016 05 18 05 56 31.450 26.0620 099.5940 8.6 0.51
2016 05 18 05 57 18.460 26.0310 099.6430 0.0 0.07
2016 05 18 05 58 38.780 26.0820 099.5800 11.0 0.42
2016 05 18 06 06 39.520 26.0950 099.5860 5.0 0.96
2016 05 18 06 08 41.280 26.0620 099.5710 5.0 1.13
2016 05 18 06 10 59.640 26.0860 099.5940 14.3 0.69
2016 05 18 06 13 02.140 25.7976 099.6869 0.0 0.25
2016 05 18 06 13 09.660 26.0800 099.5850 5.9 1.04
2016 05 18 06 14 35.520 26.1142 099.5989 0.0 0.25
2016 05 18 06 15 40.030 26.0853 099.5885 5.0 0.87
2016 05 18 06 17 44.940 26.0940 099.5790 7.9 0.78
2016 05 18 06 20 22.750 26.1060 099.5780 10.4 0.96
2016 05 18 06 24 41.660 26.0934 099.5782 5.0 0.78
2016 05 18 06 25 49.730 26.2030 099.6360 13.7 1.13
2016 05 18 06 28 19.060 26.0770 099.5870 14.1 2.11
2016 05 18 06 37 08.780 26.0940 099.5970 8.2 1.13
2016 05 18 06 38 55.360 26.0850 099.5800 15.0 0.87
2016 05 18 06 39 29.490 25.7914 099.6687 0.0 0.34
2016 05 18 06 43 43.340 25.6364 099.2331 0.0 0.42
2016 05 18 06 48 54.190 25.7492 099.0834 0.0 0.87
2016 05 18 06 49 05.320 26.1872 099.4819 0.0 0.78
2016 05 18 06 52 32.010 25.9374 099.6951 0.0 0.60
2016 05 18 06 52 55.260 26.1853 099.2553 0.0 0.16
2016 05 18 06 55 13.190 26.0890 099.5899 5.0 0.78
2016 05 18 06 58 32.530 25.7604 099.7014 0.0 0.42
2016 05 18 07 00 21.170 25.9440 099.6680 15.2 0.87
2016 05 18 07 04 32.700 26.1231 099.2046 0.0 0.87
2016 05 18 07 09 21.040 25.6642 099.5614 0.0 0.16
2016 05 18 07 13 18.980 26.0121 099.6338 0.0 0.07
2016 05 18 07 17 23.970 26.1999 099.3229 0.0 0.25
2016 05 18 07 31 59.000 26.1550 099.3241 0.0 0.60
2016 05 18 07 35 13.320 25.9572 099.0886 0.0 0.42
2016 05 18 07 43 45.320 26.1578 099.4976 0.0 0.34
2016 05 18 07 50 29.650 26.0510 099.5690 12.8 1.13
2016 05 18 07 55 36.960 26.1020 099.5830 6.0 1.49
2016 05 18 08 01 06.880 26.0750 099.6070 13.9 1.31
2016 05 18 08 01 26.400 26.1905 099.4611 0.0 0.87
2016 05 18 08 04 52.930 26.0880 099.5920 11.8 1.58
2016 05 18 08 25 26.220 26.0930 099.5900 10.0 1.49
2016 05 18 08 34 21.350 25.6362 099.5484 0.0 0.42
2016 05 18 08 46 52.570 26.1100 099.5770 11.2 1.40
2016 05 18 08 50 08.460 26.1256 099.1848 0.0 0.42
2016 05 18 08 54 11.590 25.6344 099.2969 0.0 0.42
2016 05 18 08 55 16.560 25.6038 099.2717 0.0 0.42
2016 05 18 09 04 27.930 26.1771 099.3268 0.0 0.69
2016 05 18 09 06 16.360 26.1728 099.4065 0.0 0.25
2016 05 18 09 40 01.700 26.0990 099.5950 8.0 1.13
2016 05 18 09 50 01.500 26.0793 099.1573 0.0 0.78
2016 05 18 09 57 54.620 25.9677 099.6984 0.0 0.51
2016 05 18 10 09 47.620 26.0664 099.5902 2.2 1.66
2016 05 18 10 13 41.610 25.9981 099.6223 18.2 0.96
2016 05 18 10 16 18.680 25.6806 099.6080 0.0 0.69
2016 05 18 10 23 01.810 25.8695 099.6901 5.5 0.96
2016 05 18 10 30 07.470 26.1514 099.3344 0.0 0.51
2016 05 18 10 35 42.530 26.0829 099.5737 5.0 1.58
2016 05 18 10 45 14.650 26.1230 099.5690 9.2 1.40
2016 05 18 10 51 30.550 26.1283 099.5543 5.1 1.31
2016 05 18 11 07 31.880 26.1600 099.2072 0.0 0.42
2016 05 18 11 09 01.060 26.0708 099.5713 5.0 1.49
2016 05 18 11 09 52.680 26.0660 099.5850 3.9 1.75
2016 05 18 11 13 53.210 25.6436 099.5662 0.0 0.16
2016 05 18 11 18 05.030 26.1259 099.5564 11.7 1.04
2016 05 18 11 21 11.180 26.1005 099.5845 5.5 1.49
2016 05 18 11 26 24.740 26.1161 099.5760 7.6 1.31
2016 05 18 12 05 39.010 26.0310 099.6470 0.0 0.78
2016 05 18 12 11 13.030 26.0410 099.6390 0.0 0.69
2016 05 18 12 21 18.610 25.8120 099.6990 27.3 0.96
2016 05 18 12 21 48.080 26.0370 099.6390 0.0 0.60
2016 05 18 12 24 02.630 26.0110 099.6320 0.0 0.51
2016 05 18 12 30 28.890 26.0020 099.6360 0.0 0.34
2016 05 18 12 36 17.160 26.0410 099.6380 0.0 -0.10619469026548663
2016 05 18 12 47 34.190 26.0810 099.5280 6.0 0.42
2016 05 18 12 50 00.320 25.9180 099.6490 0.0 0.07
2016 05 18 12 50 50.470 26.1050 099.5320 16.1 0.60
2016 05 18 12 52 09.830 25.9850 099.6510 0.0 -0.19469026548672566
2016 05 18 12 54 45.900 26.0120 099.6320 0.0 -0.017699115044247805
2016 05 18 13 08 49.750 26.1721 099.4373 0.0 0.34
2016 05 18 13 14 17.080 26.1439 099.5307 0.0 0.42
2016 05 18 13 18 39.570 26.1565 099.2972 0.0 0.16
2016 05 18 13 23 23.250 26.0845 099.5866 5.0 1.04
2016 05 18 13 32 31.280 26.1646 099.2571 0.0 0.78
2016 05 18 13 34 51.840 26.0980 099.5780 11.1 1.40
2016 05 18 13 39 21.430 26.1020 099.5810 12.4 0.96
2016 05 18 13 54 30.380 26.1131 099.5751 10.7 0.87
2016 05 18 14 01 04.800 26.0850 099.5880 10.5 1.31
2016 05 18 14 03 16.590 26.0980 099.6090 10.0 0.78
2016 05 18 14 05 58.570 26.1483 099.5301 0.0 0.60
2016 05 18 14 25 20.070 25.6964 099.6350 0.0 0.78
2016 05 18 14 25 48.060 26.1663 099.2518 0.0 0.42
2016 05 18 14 28 29.010 26.0890 099.5880 10.0 0.69
2016 05 18 14 28 56.460 26.0880 099.5820 10.0 0.69
2016 05 18 14 36 10.970 26.1070 099.5680 9.6 1.13
2016 05 18 14 37 42.220 26.0890 099.5830 10.5 1.22
2016 05 18 14 43 37.540 26.2032 099.4030 0.0 0.96
2016 05 18 14 45 33.090 25.9792 099.6852 0.0 0.34
2016 05 18 14 55 27.100 26.1637 099.2581 0.0 0.34
2016 05 18 15 12 12.060 26.1070 099.5820 11.8 0.96
2016 05 18 15 23 58.960 26.1050 099.5700 11.8 1.13
2016 05 18 15 33 58.920 26.0878 099.1486 0.0 0.51
2016 05 18 15 48 19.790 25.6500 099.1997 0.0 0.16
2016 05 18 15 49 22.980 26.1000 099.5670 6.2 1.13
2016 05 18 15 50 19.730 26.1637 099.3875 0.0 0.42
2016 05 18 16 00 35.050 26.1180 099.5570 12.9 1.13
2016 05 18 16 45 56.140 25.6433 099.2803 0.0 0.51
2016 05 18 16 55 45.870 25.6197 099.1860 0.0 0.42
2016 05 18 16 57 23.690 25.7440 099.0856 0.0 0.51
2016 05 18 16 59 35.680 26.0950 099.5880 11.6 0.78
2016 05 18 17 26 31.860 26.0580 099.5760 5.0 1.04
2016 05 18 17 37 37.930 25.7117 099.5952 0.0 1.13
2016 05 18 18 07 54.620 25.7367 099.0750 0.0 0.42
2016 05 18 18 08 31.640 25.6692 099.5669 0.0 0.69
2016 05 18 18 18 46.330 25.8330 099.0522 0.0 0.16
2016 05 18 18 24 30.500 26.0920 099.5750 11.9 1.22
2016 05 18 18 31 01.650 26.0830 099.5340 8.9 0.96
2016 05 18 18 39 27.900 26.0850 099.5860 10.4 0.78
2016 05 18 18 48 33.320 26.0740 099.5670 11.1 1.22
2016 05 18 18 49 13.940 26.1110 099.5800 7.5 1.04
2016 05 18 19 06 23.070 26.0880 099.5770 5.0 1.04
2016 05 18 19 09 51.380 25.7960 099.6965 0.0 0.42
2016 05 18 19 12 12.390 26.1130 099.5780 3.5 1.31
2016 05 18 19 14 32.800 26.1049 099.5780 4.2 1.49
2016 05 18 19 17 57.050 26.1060 099.5530 15.0 1.22
2016 05 18 19 35 59.040 26.0880 099.5800 12.7 0.69
2016 05 18 19 45 51.990 25.6597 099.2195 0.0 0.34
2016 05 18 19 51 56.710 26.1032 099.5866 7.3 0.69
2016 05 18 20 15 18.420 25.6234 099.2459 0.0 0.42
2016 05 18 20 26 02.940 26.0900 099.5670 12.3 0.78
2016 05 18 20 27 10.010 26.1000 099.5790 13.4 1.04
2016 05 18 20 57 56.480 26.0960 099.5960 8.1 1.22
2016 05 18 21 01 26.950 25.8061 099.6789 0.0 0.42
2016 05 18 21 17 12.450 26.0950 099.5640 13.7 1.13
2016 05 18 21 48 57.090 26.0840 099.6140 5.8 1.31
2016 05 18 21 49 47.620 26.0870 099.6050 12.1 2.55
2016 05 18 21 53 07.430 26.0670 099.5640 12.3 2.11
2016 05 18 22 00 43.540 26.1039 099.5690 4.0 0.96
2016 05 18 22 17 57.220 26.0680 099.6020 7.8 1.04
2016 05 18 22 21 17.330 26.0579 099.5975 6.3 1.22
2016 05 18 22 23 06.210 26.1010 099.5529 11.7 0.25
2016 05 18 22 27 29.500 26.1238 099.5271 5.6 0.60
2016 05 18 22 35 33.610 26.0765 099.5861 5.0 0.78
2016 05 18 22 38 00.700 26.0762 099.5661 5.0 1.31
2016 05 18 22 44 12.520 26.0881 099.6113 7.4 0.34
2016 05 18 22 48 03.890 26.2092 099.4528 0.0 0.42
2016 05 18 22 48 28.920 26.0950 099.6230 7.8 0.25
2016 05 18 22 49 12.130 26.0540 099.5680 7.8 0.42
2016 05 18 22 49 52.700 26.1076 099.5603 0.0 0.25
2016 05 18 22 51 49.790 26.0513 099.5743 15.0 0.51
2016 05 18 23 06 25.650 26.1064 099.5594 12.3 0.25
2016 05 18 23 24 57.700 26.0967 099.5731 10.0 0.16
2016 05 18 23 34 09.470 26.0288 099.0749 0.0 0.16
2016 05 18 23 36 35.920 26.0307 099.7256 4.9 -0.3716814159292035
2016 05 18 23 41 03.990 26.1130 099.5842 5.5 0.16
2016 05 18 23 41 24.720 26.1658 099.3466 0.0 0.07
2016 05 18 23 57 47.990 26.0738 099.6085 8.5 -0.19469026548672566
2016 05 19 00 01 35.200 25.9900 099.6460 0.0 0.07
2016 05 19 00 16 07.870 26.0880 099.5750 9.1 1.40
2016 05 19 00 22 56.660 26.0950 099.5970 9.6 1.49
2016 05 19 00 23 59.660 25.9910 099.6470 0.0 -0.19469026548672566
2016 05 19 00 27 41.970 26.0880 099.5950 9.0 1.22
2016 05 19 00 40 23.170 26.1140 099.5970 8.1 0.42
2016 05 19 00 49 38.040 26.1240 099.5900 7.6 0.60
2016 05 19 01 17 35.090 26.1830 099.4570 6.3 -0.19469026548672566
2016 05 19 01 39 46.430 26.1340 099.4890 9.4 -0.10619469026548663
2016 05 19 01 40 51.170 26.1170 099.5730 6.0 0.25
2016 05 19 01 43 12.380 26.1310 099.5790 15.6 -0.4601769911504425
2016 05 19 01 44 15.020 26.0590 099.6430 0.0 -0.017699115044247805
2016 05 19 01 46 51.890 26.0780 099.5950 13.3 -0.10619469026548663
2016 05 19 01 49 04.150 25.9860 099.6510 0.0 -0.3716814159292035
2016 05 19 01 51 48.780 26.1250 099.5670 16.9 -0.2831858407079645
2016 05 19 01 54 42.930 26.0850 099.5860 13.8 -0.10619469026548663
2016 05 19 01 57 30.680 26.1240 099.5890 12.4 -0.3716814159292035
2016 05 19 01 59 49.610 26.0870 099.5820 8.6 0.16
2016 05 19 02 05 17.300 26.1080 099.5870 6.0 1.84
2016 05 19 02 06 41.430 26.1190 099.5800 13.4 0.16
2016 05 19 02 08 20.450 26.1220 099.5830 6.0 1.04
2016 05 19 02 12 09.260 26.1070 099.5940 9.4 0.51
2016 05 19 02 18 13.210 26.1180 099.5860 6.0 1.04
2016 05 19 02 27 22.870 26.1200 099.5980 17.1 0.25
2016 05 19 02 52 09.420 26.1110 099.5760 11.4 0.51
2016 05 19 02 54 27.790 26.1110 099.5960 12.0 0.42
2016 05 19 03 11 24.050 26.1140 099.5760 11.6 0.07
2016 05 19 03 12 56.780 26.0590 099.6430 0.0 0.07
2016 05 19 03 19 51.480 26.0870 099.5840 5.0 0.87
2016 05 19 03 40 57.630 26.1000 099.6030 15.6 2.37
2016 05 19 03 48 48.130 26.0950 099.5880 16.4 2.46
2016 05 19 03 51 59.200 26.1110 099.5840 5.0 0.07
2016 05 19 03 53 35.720 26.1080 099.5900 5.0 -0.19469026548672566
2016 05 19 04 02 10.060 26.1294 099.5818 19.0 0.16
2016 05 19 04 02 22.940 26.1160 099.5820 7.8 0.42
2016 05 19 04 07 58.570 26.1130 099.5910 6.0 0.69
2016 05 19 04 09 46.130 26.1320 099.5390 6.5 0.87
2016 05 19 04 12 51.450 26.1270 099.5440 7.6 0.78
2016 05 19 04 22 35.010 26.1053 099.5543 13.5 0.07
2016 05 19 04 23 22.190 26.0860 099.5730 10.0 0.42
2016 05 19 04 32 07.860 26.1032 099.5774 11.1 0.25
2016 05 19 04 34 13.430 26.1152 099.5799 8.8 0.60
2016 05 19 04 36 17.190 26.0710 099.5715 5.0 1.22
2016 05 19 04 36 31.570 26.1000 099.5630 7.6 1.58
2016 05 19 04 37 59.660 26.0840 099.5600 9.9 0.25
2016 05 19 04 51 19.330 26.2305 099.9128 6.2 0.69
2016 05 19 04 56 03.980 26.0956 099.5643 7.4 0.16
2016 05 19 05 08 07.910 26.1222 099.5745 12.4 0.34
2016 05 19 05 08 52.990 25.8811 099.8188 0.0 0.51
2016 05 19 05 18 44.080 26.0960 099.6070 12.0 0.16
2016 05 19 05 26 18.220 26.1050 099.5710 14.2 0.25
2016 05 19 05 31 01.920 26.1144 099.5617 12.9 0.07
2016 05 19 05 33 51.680 26.1230 099.5940 6.0 1.22
2016 05 19 05 40 17.540 26.1000 099.5740 7.4 0.51
2016 05 19 05 52 03.480 26.0730 099.5620 14.3 0.16
2016 05 19 05 56 40.280 26.0944 099.5838 10.7 0.34
2016 05 19 06 04 26.220 26.1409 099.5405 15.9 0.34
2016 05 19 06 08 51.680 26.1136 099.5909 6.2 0.25
2016 05 19 06 13 28.870 26.1019 099.5521 11.7 0.34
2016 05 19 06 37 47.230 26.0590 099.6170 6.0 0.42
2016 05 19 06 38 33.470 26.1156 099.5615 5.0 0.78
2016 05 19 06 45 33.500 26.0760 099.5710 13.8 0.16
2016 05 19 06 51 01.950 26.0848 099.5679 5.1 0.96
2016 05 19 06 52 17.550 25.7166 099.6194 0.0 0.60
2016 05 19 07 06 54.620 25.6418 099.4646 0.0 0.07
2016 05 19 07 12 46.690 26.1436 099.4826 12.9 0.51
2016 05 19 07 20 48.540 26.1332 099.5351 8.5 0.51
2016 05 19 07 25 44.840 26.0851 099.6021 8.2 0.42
2016 05 19 07 51 05.190 25.8583 099.1730 0.0 0.16
2016 05 19 07 52 00.570 26.1052 099.5682 7.2 0.51
2016 05 19 08 00 11.140 26.1628 099.3582 0.0 0.34
2016 05 19 08 08 10.440 26.0840 099.5790 6.0 0.87
2016 05 19 09 36 18.100 26.1210 099.5560 8.2 0.96
2016 05 19 10 16 18.560 26.0920 099.5840 8.6 0.78
2016 05 19 10 58 29.230 26.1060 099.5920 7.8 1.40
2016 05 19 11 00 48.670 25.6443 099.4026 0.0 0.34
2016 05 19 11 08 45.990 26.0920 099.5930 5.0 0.87
2016 05 19 11 17 09.390 26.1040 099.5840 5.0 1.93
2016 05 19 11 24 14.790 26.1030 099.5850 18.0 2.90
2016 05 19 11 29 49.750 26.0960 099.5580 5.0 1.22
2016 05 19 13 13 03.460 26.1040 099.5750 9.1 0.42
2016 05 19 13 45 59.480 26.0750 099.5710 14.4 0.42
2016 05 19 14 04 06.590 26.1040 099.5600 8.5 0.60
2016 05 19 14 58 22.240 26.0930 099.5870 5.0 1.31
2016 05 19 14 59 26.210 26.0900 099.5820 5.0 0.96
2016 05 19 15 08 51.550 26.1220 099.5900 12.6 0.96
2016 05 19 15 10 18.950 26.1310 099.5770 10.6 1.22
2016 05 19 15 14 10.000 25.9940 099.6330 0.0 0.51
2016 05 19 15 27 34.560 26.1590 099.6490 0.0 0.78
2016 05 19 15 40 38.370 26.0220 099.6380 0.0 0.96
2016 05 19 15 52 20.260 26.0810 099.6050 9.2 0.96
2016 05 19 16 08 48.600 26.1000 099.5890 5.0 1.58
2016 05 19 16 39 51.710 26.0850 099.5890 5.0 1.40
2016 05 19 17 03 24.550 26.0810 099.5820 8.4 0.78
2016 05 19 17 35 01.020 26.0870 099.5930 2.3 1.40
2016 05 19 17 36 35.250 26.1130 099.5770 0.0 0.34
2016 05 19 18 22 36.800 26.0660 099.5930 5.0 0.87
2016 05 19 18 43 48.120 26.1100 099.5600 5.0 0.87
2016 05 19 19 03 22.690 25.9540 099.1260 0.0 0.87
2016 05 19 19 14 23.860 25.8060 099.6860 5.0 0.87
2016 05 19 19 17 05.480 26.0990 099.5790 8.3 1.13
2016 05 19 19 18 00.840 26.0040 099.6360 0.0 0.42
2016 05 19 20 27 00.220 25.9780 099.6200 0.0 -0.2831858407079645
2016 05 19 21 17 51.710 26.1160 099.5890 5.0 0.51
2016 05 19 21 26 36.540 26.0850 099.5880 5.0 0.42
2016 05 19 22 16 23.900 26.1150 099.5810 5.0 0.42
2016 05 19 22 19 46.970 26.1170 099.6000 5.0 0.60
2016 05 19 23 09 10.780 26.0750 099.5730 10.2 0.60
2016 05 19 23 10 43.470 26.0790 099.5700 12.2 0.25
2016 05 19 23 48 28.950 26.0750 099.5750 6.8 0.25
2016 05 19 23 53 54.320 26.0730 099.5730 8.8 0.69
2016 05 20 00 06 27.600 26.0890 099.5800 3.8 0.69
2016 05 20 00 09 22.100 26.0890 099.5740 10.0 1.22
2016 05 20 01 00 16.840 26.0850 099.5850 7.0 0.87
2016 05 20 01 12 21.620 26.0960 099.5890 7.9 0.42
2016 05 20 01 38 19.520 26.0850 099.5920 10.0 0.07
2016 05 20 02 01 08.440 26.0720 099.5650 6.0 0.96
2016 05 20 02 31 14.120 26.0790 099.5720 10.0 0.16
2016 05 20 02 41 44.230 26.1030 099.5800 10.0 0.25
2016 05 20 02 42 26.800 26.1080 099.5680 10.4 0.60
2016 05 20 02 42 58.570 26.0760 099.6040 10.0 0.51
2016 05 20 02 52 33.440 26.1180 099.5850 10.0 0.07
2016 05 20 03 00 55.940 26.0780 099.5750 10.0 0.07
2016 05 20 03 08 54.820 26.0830 099.5580 5.9 0.87
2016 05 20 03 09 37.660 26.1080 099.5910 10.0 0.25
2016 05 20 03 11 02.170 26.1120 099.5530 10.0 0.60
2016 05 20 03 21 36.370 26.0890 099.5960 16.5 0.34
2016 05 20 03 25 56.890 26.0860 099.5880 10.0 0.69
2016 05 20 03 32 02.860 26.1010 099.5830 9.7 0.34
2016 05 20 03 52 32.260 26.0860 099.5880 9.6 0.42
2016 05 20 04 10 29.900 26.0790 099.5790 10.0 0.25
2016 05 20 04 11 36.860 26.1070 099.5740 12.1 0.07
2016 05 20 04 31 00.250 26.1220 099.5770 14.9 0.42
2016 05 20 04 59 18.090 26.0960 099.5760 10.0 0.25
2016 05 20 05 05 33.580 26.1100 099.5910 10.0 0.25
2016 05 20 05 10 35.760 26.1280 099.5930 10.0 0.16
2016 05 20 05 25 11.530 26.1190 099.5770 8.6 0.25
2016 05 20 05 30 30.840 26.1060 099.5700 10.7 0.78
2016 05 20 05 34 22.580 26.0890 099.5840 10.1 0.34
2016 05 20 05 38 14.820 26.1090 099.5770 10.0 0.87
2016 05 20 06 08 52.100 26.1400 099.5910 12.3 0.07
2016 05 20 06 19 04.300 26.0780 099.5990 10.0 0.51
2016 05 20 06 19 28.510 26.0990 099.5870 8.7 0.42
2016 05 20 06 31 35.130 26.1130 099.5740 6.8 1.13
2016 05 20 06 49 25.090 26.1110 099.5780 10.0 0.07
2016 05 20 06 56 05.900 26.1110 099.6130 10.0 0.25
2016 05 20 07 00 21.970 26.0992 099.5460 16.4 0.34
2016 05 20 07 10 15.290 26.0970 099.5430 7.8 0.34
2016 05 20 07 15 10.210 26.1135 099.5638 4.4 0.07
2016 05 20 07 15 36.230 26.1146 099.5653 6.6 0.16
2016 05 20 08 02 56.670 26.0740 099.5890 7.8 0.51
2016 05 20 08 08 49.360 26.1069 099.5671 5.3 0.78
2016 05 20 08 16 29.420 26.0764 099.5759 5.2 0.87
2016 05 20 08 27 36.950 26.0882 099.5683 14.7 0.25
2016 05 20 08 28 09.280 26.1111 099.5734 13.6 0.34
2016 05 20 08 38 04.530 25.6737 099.5526 0.0 0.42
2016 05 20 08 39 24.460 26.1011 099.5741 9.2 0.60
2016 05 20 08 45 27.460 26.0968 099.5590 7.9 0.25
2016 05 20 09 01 20.600 26.0733 099.5801 8.5 0.25
2016 05 20 09 22 10.440 26.1869 099.3930 0.0 0.69
2016 05 20 09 31 40.520 26.1198 099.5884 5.0 0.69
2016 05 20 09 51 32.390 26.0950 099.5730 7.8 1.66
2016 05 20 09 52 07.290 26.1000 099.5707 6.1 1.40
2016 05 20 10 47 43.140 26.2264 099.3997 5.0 0.42
2016 05 20 10 54 52.680 26.0964 099.5589 6.4 0.96
2016 05 20 10 56 26.680 26.0888 099.5757 7.3 1.40
2016 05 20 11 04 22.330 26.0760 099.5720 7.8 0.34
2016 05 20 11 08 02.600 26.1082 099.5549 14.0 1.04
2016 05 20 11 25 50.330 26.0243 099.6210 8.9 0.16
2016 05 20 11 42 45.770 26.0770 099.5808 9.4 0.42
2016 05 20 11 46 36.280 26.0778 099.6055 6.2 0.51
2016 05 20 12 02 25.330 26.0770 099.5640 10.0 0.16
2016 05 20 12 07 47.980 26.1300 099.5480 10.0 0.25
2016 05 20 12 13 33.520 26.1300 099.5540 15.3 0.69
2016 05 20 12 20 15.330 26.0810 099.5670 9.4 2.19
2016 05 20 12 22 10.440 26.0300 099.6130 10.0 0.25
2016 05 20 12 25 57.280 26.0940 099.5520 14.4 0.16
2016 05 20 12 41 17.070 26.0950 099.5870 7.1 0.78
2016 05 20 12 47 41.930 26.0600 099.6310 10.0 0.25
2016 05 20 13 01 04.860 26.0800 099.5840 9.4 0.42
2016 05 20 13 04 02.220 26.1110 099.5690 13.2 0.42
2016 05 20 14 36 10.430 26.0860 099.5730 10.0 1.93
2016 05 20 16 09 27.630 26.1340 099.5590 10.0 0.34
2016 05 20 16 46 30.770 26.1030 099.5870 10.0 0.34
2016 05 20 16 53 21.230 26.0960 099.5870 12.3 1.04
2016 05 20 17 02 31.360 26.1100 099.5650 15.1 0.25
2016 05 20 17 49 47.740 26.1020 099.5870 8.9 1.84
2016 05 20 17 52 22.570 26.1230 099.5770 10.0 0.34
2016 05 20 18 09 03.220 26.0860 099.5890 10.0 0.07
2016 05 20 18 35 49.310 26.1320 099.5520 10.0 0.25
2016 05 20 19 03 18.100 26.0940 099.5730 10.0 0.87
2016 05 20 19 05 51.330 26.0990 099.5590 12.5 0.51
2016 05 20 19 12 47.670 26.1170 099.5760 6.3 1.22
2016 05 20 19 13 50.150 26.0620 099.6090 10.0 0.60
2016 05 20 19 14 31.330 26.0910 099.5620 10.0 0.42
2016 05 20 19 34 05.610 26.0980 099.5680 7.4 1.40
2016 05 20 21 51 55.250 26.1097 099.5761 10.5 0.16
2016 05 20 21 56 24.010 26.2009 099.4182 0.0 0.25
2016 05 20 21 59 34.020 25.6895 099.1332 0.0 0.07
2016 05 20 22 11 51.750 26.1005 099.5774 9.2 0.78
2016 05 20 22 23 24.830 26.0919 099.5843 5.0 0.78
2016 05 20 22 49 53.460 26.1385 099.5274 11.2 0.34
2016 05 20 23 12 53.290 26.0995 099.5724 11.8 0.69
2016 05 20 23 36 51.010 26.0863 099.5689 10.1 0.87
2016 05 20 23 40 06.010 26.1240 099.9715 5.5 1.04
2016 05 20 23 48 11.040 26.0562 099.6014 0.0 0.07
2016 05 20 23 53 23.740 26.0939 099.5689 4.6 0.51
2016 05 21 00 44 20.700 26.1283 099.5450 5.0 0.96
2016 05 21 00 58 48.240 25.6088 099.3512 0.0 -0.017699115044247805
2016 05 21 01 10 06.090 26.0560 099.5840 16.0 1.66
2016 05 21 01 11 57.720 26.0633 099.6154 12.9 -0.3716814159292035
2016 05 21 01 12 13.310 26.1459 099.5448 5.0 0.51
2016 05 21 01 16 49.510 26.0964 099.5810 5.0 0.51
2016 05 21 01 29 32.080 25.8630 099.4020 5.1 0.16
2016 05 21 01 43 00.050 26.0950 099.5762 13.8 0.25
2016 05 21 01 55 28.590 26.1346 099.5467 5.0 0.69
2016 05 21 02 20 45.360 26.1471 099.5360 3.5 0.51
2016 05 21 02 52 34.390 26.0952 099.5735 6.0 0.34
2016 05 21 02 56 55.450 26.1300 099.5420 16.9 2.81
2016 05 21 02 59 06.910 26.1360 099.5660 7.8 0.42
2016 05 21 03 02 44.090 26.1451 099.5358 6.9 0.60
2016 05 21 03 03 34.520 26.1469 099.5387 8.7 0.60
2016 05 21 03 08 57.060 26.1400 099.5370 1.2 0.51
2016 05 21 03 10 09.200 26.1451 099.5376 5.0 0.25
2016 05 21 03 17 12.620 26.1640 099.6300 7.8 0.16
2016 05 21 03 26 38.980 26.1263 099.5720 5.2 0.07
2016 05 21 03 31 48.320 26.1145 099.5825 5.0 0.78
2016 05 21 03 33 17.440 26.1242 099.5730 15.7 0.25
2016 05 21 03 44 36.090 26.0877 099.5805 13.5 0.34
2016 05 21 03 50 46.070 26.1361 099.5378 5.0 1.04
2016 05 21 04 01 55.970 26.0890 099.5700 5.1 2.02
2016 05 21 04 03 44.440 26.1600 099.5360 19.6 0.87
2016 05 21 04 05 43.850 26.1140 099.5644 16.4 0.25
2016 05 21 04 13 39.030 26.1335 099.5439 5.0 0.42
2016 05 21 04 14 28.970 26.0985 099.5833 5.4 0.34
2016 05 21 04 18 01.250 26.1487 099.5495 5.0 0.25
2016 05 21 04 19 59.560 26.1233 099.5826 13.7 0.16
2016 05 21 04 20 46.310 26.1543 099.5278 2.7 0.42
2016 05 21 04 21 04.790 26.1150 099.5880 18.4 1.22
2016 05 21 04 22 44.540 26.0770 099.6100 5.1 0.96
2016 05 21 04 31 47.300 26.1566 099.7158 20.3 -0.017699115044247805
2016 05 21 04 32 19.940 26.1301 099.5562 4.7 0.07
2016 05 21 04 41 11.050 26.1260 099.5380 9.1 2.28
2016 05 21 04 42 16.790 26.1552 099.5386 7.8 0.16
2016 05 21 04 42 36.700 26.1604 099.4783 5.0 0.07
2016 05 21 04 42 54.250 26.3329 099.9605 5.8 -0.017699115044247805
2016 05 21 04 43 25.020 26.2133 099.4532 5.0 -0.19469026548672566
2016 05 21 04 51 42.980 26.1151 099.5980 7.4 0.42
2016 05 21 05 04 53.900 26.1005 099.5792 7.7 0.42
2016 05 21 05 17 30.960 26.1146 099.5837 9.7 0.16
2016 05 21 05 23 49.740 26.1120 099.5890 4.1 0.42
2016 05 21 05 44 28.310 26.1050 099.5800 9.9 0.42
2016 05 21 05 46 28.280 26.0990 099.5850 6.2 0.34
2016 05 21 05 51 00.290 26.0850 099.5860 6.4 0.42
2016 05 21 06 00 58.050 26.0800 099.5940 7.2 0.87
2016 05 21 07 02 25.350 26.1350 099.6340 13.2 0.69
2016 05 21 07 04 30.470 26.0870 099.5800 6.2 1.31
2016 05 21 07 13 38.860 26.1019 099.5755 5.0 0.42
2016 05 21 07 15 30.270 25.6451 099.2284 0.0 0.16
2016 05 21 07 29 34.680 26.0870 099.5919 5.0 0.96
2016 05 21 07 35 46.110 26.1197 099.5792 7.9 0.42
2016 05 21 07 45 59.360 26.1005 099.6023 11.0 0.60
2016 05 21 08 25 49.380 26.1124 099.5840 10.7 0.69
2016 05 21 08 33 27.590 26.1057 099.5831 6.0 0.60
2016 05 21 08 37 02.200 26.1204 099.5790 5.0 0.51
2016 05 21 09 18 09.390 26.1020 099.5905 12.3 0.60
2016 05 21 09 46 18.740 26.1070 099.5640 7.0 1.31
2016 05 21 09 57 00.960 26.0740 099.5890 11.4 0.51
2016 05 21 10 16 06.630 26.1025 099.5680 11.9 1.04
2016 05 21 10 25 46.480 26.1198 099.5657 12.3 0.25
2016 05 21 10 55 08.000 26.1910 099.4660 6.0 0.25
2016 05 21 11 02 55.270 26.0640 099.6370 6.0 0.42
2016 05 21 12 21 11.650 26.0870 099.5920 14.2 0.96
2016 05 21 12 25 34.540 26.0820 099.5910 8.4 0.60
2016 05 21 13 13 39.360 26.0960 099.5750 13.2 1.13
2016 05 21 13 24 24.050 26.1050 099.5810 11.3 1.84
2016 05 21 13 33 44.920 26.1040 099.5800 10.2 0.96
2016 05 21 13 43 45.590 26.1100 099.5830 10.0 1.13
2016 05 21 13 46 14.970 26.1260 099.5690 10.0 0.60
2016 05 21 14 58 14.500 26.0000 099.4203 0.0 -0.19469026548672566
2016 05 21 15 03 56.920 26.0560 099.5350 10.0 0.34
2016 05 21 15 16 26.540 26.1310 099.5650 1.8 0.96
2016 05 21 15 30 48.210 26.0680 099.5830 11.8 2.19
2016 05 21 15 31 11.320 26.0830 099.5850 11.8 1.66
2016 05 21 15 35 11.380 26.0930 099.5770 8.1 1.49
2016 05 21 15 46 33.880 26.0930 099.5810 12.6 0.34
2016 05 21 16 52 23.980 26.1195 099.5095 14.2 0.60
2016 05 21 17 12 03.240 26.0992 099.5785 8.1 1.31
2016 05 21 17 50 12.300 26.1310 099.5190 12.3 0.60
2016 05 21 18 01 23.070 26.0560 099.6197 5.0 -0.017699115044247805
2016 05 21 18 01 30.970 26.1051 099.5799 8.5 0.51
2016 05 21 18 03 01.110 26.1310 099.9330 5.1 0.96
2016 05 21 18 13 19.760 26.2610 099.3980 10.0 0.78
2016 05 21 18 15 25.940 26.0870 099.6000 5.1 1.31
2016 05 21 18 18 06.280 26.1257 099.5090 15.2 -0.10619469026548663
2016 05 21 18 20 10.100 26.0627 099.6243 5.4 0.16
2016 05 21 18 28 48.030 26.0946 099.5765 13.1 0.69
2016 05 21 18 31 58.730 26.2020 099.4730 10.0 0.07
2016 05 21 18 37 48.400 26.1422 099.5128 17.3 -0.2831858407079645
2016 05 21 18 38 57.160 26.1475 099.5064 17.3 -0.19469026548672566
2016 05 21 18 39 35.350 26.0962 099.5792 8.3 0.42
2016 05 21 18 42 41.780 26.0946 099.5895 9.3 0.78
2016 05 21 18 43 48.870 26.1006 099.5906 9.0 0.34
2016 05 21 18 51 06.490 26.0971 099.5889 9.5 0.42
2016 05 21 18 52 02.310 26.1045 099.6002 8.2 -0.19469026548672566
2016 05 21 18 57 46.490 26.1200 099.5440 9.0 1.58
2016 05 21 19 01 19.420 26.0784 099.6183 6.3 0.25
2016 05 21 19 12 08.600 26.0860 099.5910 9.9 0.87
2016 05 21 19 13 50.900 26.1400 099.5300 11.1 0.42
2016 05 21 19 26 37.060 26.1200 099.5870 8.5 0.51
2016 05 21 19 35 35.220 26.1160 099.5410 11.9 2.11
2016 05 21 19 42 51.010 26.1040 099.5840 11.4 0.42
2016 05 21 19 51 11.300 26.0910 099.5810 12.7 0.16
2016 05 21 20 13 53.640 26.0880 099.5840 10.5 1.13
2016 05 21 20 24 07.930 26.0980 099.5680 12.7 0.60
2016 05 21 20 46 23.320 26.0790 099.5910 13.2 2.81
2016 05 21 21 00 37.600 26.1120 099.5940 10.4 0.16
2016 05 21 21 10 36.630 26.0964 099.5692 12.5 0.25
2016 05 21 21 12 41.920 26.0880 099.5890 7.0 1.31
2016 05 21 21 29 43.260 26.0900 099.6110 5.6 0.16
2016 05 21 21 36 26.060 26.0870 099.5870 7.9 0.25
2016 05 21 21 41 54.410 26.1028 099.5852 10.5 0.16
2016 05 21 21 46 42.400 26.1100 099.5800 13.3 0.42
2016 05 21 22 01 14.160 26.0950 099.5760 7.4 0.51
2016 05 21 22 02 09.380 26.0850 099.5940 11.3 0.25
2016 05 21 22 20 01.780 26.1020 099.5900 10.2 0.34
2016 05 21 22 45 51.910 26.1020 099.5750 12.2 0.16
2016 05 21 22 46 52.460 26.0890 099.5900 11.9 0.42
2016 05 21 22 55 02.150 26.1040 099.5800 11.4 0.34
2016 05 21 23 12 05.160 26.0950 099.5770 9.6 0.60
2016 05 21 23 27 00.530 26.0810 099.5880 13.3 0.16
2016 05 21 23 36 07.000 26.0850 099.5920 11.7 0.60
2016 05 21 23 45 03.280 26.0970 099.5720 13.9 0.25
2016 05 21 23 50 02.330 26.1070 099.5810 10.6 0.60
2016 05 21 23 52 04.360 26.0930 099.5790 10.8 1.13
2016 05 22 00 43 06.720 26.0791 099.6054 6.1 -0.017699115044247805
2016 05 22 00 53 46.550 26.0929 099.5767 9.7 0.16
2016 05 22 00 55 28.840 26.1424 099.5455 5.0 0.07
2016 05 22 01 10 24.520 26.1192 099.5620 8.6 -0.017699115044247805
2016 05 22 01 20 00.040 26.1736 099.4931 9.4 -0.10619469026548663
2016 05 22 01 31 29.610 26.1700 099.9000 7.8 0.87
2016 05 22 01 42 44.890 26.1092 099.5716 10.5 0.07
2016 05 22 01 47 03.160 26.1217 099.5977 10.0 0.51
2016 05 22 02 16 10.740 26.0935 099.5739 10.5 0.34
2016 05 22 02 25 38.010 26.0987 099.5923 9.0 0.51
2016 05 22 02 59 41.420 26.0793 099.6127 7.3 -0.3716814159292035
2016 05 22 03 08 54.350 26.0883 099.5872 7.5 0.51
2016 05 22 03 55 24.980 26.0927 099.5853 10.0 0.78
2016 05 22 03 56 37.490 26.0859 099.5862 8.2 1.13
2016 05 22 04 11 07.690 26.0915 099.5845 8.4 0.78
2016 05 22 04 24 21.200 26.0960 099.5680 7.8 1.31
2016 05 22 04 40 10.800 26.0969 099.5758 8.5 0.60
2016 05 22 04 49 52.170 26.1077 099.5755 5.0 0.42
2016 05 22 05 15 22.030 26.1060 099.5830 11.1 0.42
2016 05 22 05 26 21.900 26.0880 099.5850 12.2 0.34
2016 05 22 05 35 59.240 26.0800 099.5760 12.5 0.51
2016 05 22 05 38 21.360 26.0880 099.5900 11.7 0.34
2016 05 22 05 55 41.880 26.0810 099.5710 12.5 0.25
2016 05 22 05 56 37.330 26.0880 099.5680 10.0 0.51
2016 05 22 06 06 18.990 26.0780 099.5650 12.0 0.34
2016 05 22 06 21 14.830 26.1060 099.5530 14.6 0.16
2016 05 22 06 23 36.530 26.0960 099.5680 13.6 0.25
2016 05 22 06 29 15.280 26.0870 099.5770 8.3 0.87
2016 05 22 06 41 13.640 26.0930 099.5870 10.8 0.42
2016 05 22 06 42 39.130 26.0880 099.5590 14.0 0.34
2016 05 22 06 47 02.140 26.0930 099.5800 10.6 0.96
2016 05 22 06 48 41.020 26.1230 099.5520 9.4 0.60
2016 05 22 07 14 55.370 26.1250 099.5400 10.0 0.07
2016 05 22 07 33 40.300 26.1090 099.5830 10.0 -0.10619469026548663
2016 05 22 07 40 14.150 26.0860 099.5930 12.2 0.16
2016 05 22 07 43 19.440 26.1200 099.5740 11.5 0.96
2016 05 22 07 44 43.090 26.1160 099.5600 12.4 0.78
2016 05 22 08 11 05.030 26.0810 099.5630 13.1 0.60
2016 05 22 08 11 37.300 26.0660 099.5850 6.0 0.25
2016 05 22 08 20 52.170 26.0920 099.5610 13.4 0.34
2016 05 22 08 40 56.400 26.1210 099.5310 16.1 0.34
2016 05 22 08 44 19.420 26.0930 099.5780 12.1 0.16
2016 05 22 08 48 05.850 26.1070 099.5730 13.4 0.42
2016 05 22 09 13 05.670 26.1140 099.5700 13.3 0.87
2016 05 22 09 23 46.920 26.1080 099.5740 11.9 1.31
2016 05 22 10 46 39.230 26.1030 099.5720 10.4 0.60
2016 05 22 12 04 17.880 26.1070 099.5830 12.2 1.04
2016 05 22 12 16 42.560 26.1000 099.5880 10.2 0.34
2016 05 22 12 46 59.300 26.0870 099.6070 5.0 0.51
2016 05 22 14 18 07.700 26.1160 099.5930 6.0 1.31
2016 05 22 14 35 28.750 26.1400 099.5390 9.0 1.66
2016 05 22 14 38 36.220 26.1440 099.5380 8.1 1.13
2016 05 22 15 00 48.170 26.0870 099.5950 9.9 1.04
2016 05 22 15 12 58.640 26.0850 099.6000 8.4 0.34
2016 05 22 15 14 43.480 26.1550 099.5440 12.3 0.78
2016 05 22 15 19 16.060 26.1190 099.5850 6.8 1.66
2016 05 22 15 20 18.300 26.1150 099.5760 11.0 0.60
2016 05 22 15 21 14.500 26.1690 099.5070 10.4 0.78
2016 05 22 15 47 27.400 26.0970 099.5770 9.4 1.40
2016 05 22 15 55 17.340 26.1110 099.5830 6.4 0.87
2016 05 22 15 58 01.870 26.1074 099.5875 5.7 0.69
2016 05 22 15 58 05.250 26.1430 099.5330 14.5 0.78
2016 05 22 15 59 52.440 26.1130 099.5850 7.0 1.13
2016 05 22 16 34 07.370 26.0980 099.5760 12.8 0.42
2016 05 22 16 36 32.860 26.1040 099.5820 6.1 1.31
2016 05 22 17 23 23.680 26.0950 099.5830 12.2 0.51
2016 05 22 17 28 00.710 26.0960 099.5820 11.0 1.31
2016 05 22 17 58 53.120 26.0750 099.6030 6.0 0.51
2016 05 22 18 16 20.300 26.0971 099.5709 9.8 0.87
2016 05 22 18 24 17.880 26.0580 099.5563 7.0 2.02
2016 05 22 18 24 35.610 26.0686 099.5535 12.0 1.40
2016 05 22 18 27 20.300 26.0666 099.5509 12.2 0.96
2016 05 22 19 12 44.730 26.1072 099.5817 4.6 1.13
2016 05 22 19 13 36.390 26.1506 099.7022 27.2 0.60
2016 05 22 21 39 12.380 26.0956 099.5660 11.3 0.78
2016 05 22 23 02 32.150 26.1171 099.5865 8.7 0.87
2016 05 22 23 03 34.240 26.1085 099.5715 12.7 0.60
2016 05 22 23 48 35.140 26.0848 099.5794 11.4 0.51
2016 05 22 23 50 39.760 26.1392 099.5388 7.8 0.60
2016 05 23 00 50 55.620 26.0820 099.5630 10.3 0.60
2016 05 23 01 25 54.430 26.0860 099.5980 7.2 0.16
2016 05 23 01 27 23.950 26.1000 099.5810 8.3 0.42
2016 05 23 01 39 50.070 26.0905 099.5853 11.7 0.51
2016 05 23 01 46 09.670 26.0877 099.5857 11.9 0.42
2016 05 23 01 51 39.070 26.0850 099.5900 12.6 0.60
2016 05 23 02 38 04.880 26.0730 099.5660 8.3 1.66
2016 05 23 03 56 30.910 26.0880 099.5890 7.7 0.87
2016 05 23 04 02 31.450 26.1050 099.5760 12.4 0.25
2016 05 23 04 27 37.900 26.0870 099.5620 11.6 0.51
2016 05 23 04 45 39.380 26.0770 099.5710 11.4 0.51
2016 05 23 04 51 55.150 26.0706 099.5739 6.9 0.51
2016 05 23 05 18 33.710 26.0660 099.5910 7.6 0.16
2016 05 23 06 18 07.520 26.1300 099.5830 12.2 0.25
2016 05 23 07 01 22.840 26.0830 099.5820 10.7 0.60
2016 05 23 08 00 47.910 26.0920 099.5390 14.8 0.34
2016 05 23 08 13 59.920 26.0900 099.5730 10.0 0.42
2016 05 23 08 18 44.690 26.0860 099.5710 11.1 0.78
2016 05 23 08 40 52.160 26.1090 099.5780 11.1 1.22
2016 05 23 08 43 59.160 26.0710 099.5840 6.5 0.51
2016 05 23 09 00 22.970 26.0700 099.6160 6.1 0.16
2016 05 23 10 17 53.770 26.1050 099.5800 12.2 0.69
2016 05 23 10 26 22.400 26.0996 099.5692 5.0 1.13
2016 05 23 10 44 46.730 26.1080 099.5790 12.0 0.07
2016 05 23 10 57 56.100 26.0710 099.5800 10.5 1.04
2016 05 23 11 13 07.550 26.1110 099.5800 10.9 1.40
2016 05 23 11 24 36.330 26.0869 099.6064 5.5 0.25
2016 05 23 11 48 15.290 26.0790 099.6070 6.8 0.07
2016 05 23 12 09 12.290 26.0890 099.5810 14.3 0.42
2016 05 23 13 51 46.080 26.1400 099.5630 13.1 0.16
2016 05 23 14 07 54.330 26.0925 099.5990 7.2 0.25
2016 05 23 14 15 39.130 26.1180 099.5960 9.6 0.60
2016 05 23 15 17 41.190 26.0880 099.5890 10.8 0.07
2016 05 23 15 37 44.750 25.9890 099.0050 11.4 0.87
2016 05 23 15 41 03.960 26.1350 099.5540 13.5 0.42
2016 05 23 15 48 31.860 26.0950 099.5820 11.7 1.04
2016 05 23 15 52 15.980 26.1068 099.5798 10.1 0.07
2016 05 23 16 18 25.370 26.1030 099.5810 10.7 1.04
2016 05 23 16 19 50.480 26.1080 099.5720 12.0 0.42
2016 05 23 16 21 03.320 26.1080 099.5730 10.9 1.13
2016 05 23 16 21 33.150 26.0850 099.5930 6.0 0.34
2016 05 23 16 28 39.010 26.1040 099.5720 9.8 1.75
2016 05 23 16 29 35.720 26.1100 099.5710 11.5 1.31
2016 05 23 16 29 41.120 26.1130 099.5710 12.6 1.04
2016 05 23 16 30 51.260 26.1080 099.5720 11.5 1.04
2016 05 23 16 41 17.970 26.1020 099.5780 7.8 1.49
2016 05 23 16 42 52.490 26.1232 099.5533 13.4 0.16
2016 05 23 16 45 46.100 26.0754 099.5720 7.5 0.25
2016 05 23 16 52 20.800 26.1020 099.5760 13.1 1.13
2016 05 23 17 06 08.060 26.0960 099.5810 6.6 0.69
2016 05 23 17 22 31.730 26.1080 099.5710 11.7 1.22
2016 05 23 17 22 47.560 26.1095 099.5704 10.5 1.22
2016 05 23 17 25 56.850 26.0783 099.6080 8.1 0.42
2016 05 23 17 35 33.530 26.1173 099.5781 12.6 0.69
2016 05 23 18 01 42.550 26.0938 099.5821 5.2 1.31
2016 05 23 18 08 33.180 26.1060 099.5740 10.6 0.96
2016 05 23 19 21 32.590 26.1060 099.5750 8.7 1.84
2016 05 23 19 49 00.090 26.0060 099.0090 15.2 2.28
2016 05 23 19 53 22.240 25.9880 099.0150 6.0 0.69
2016 05 23 20 36 48.620 26.1100 099.6040 9.2 0.16
2016 05 23 20 38 12.530 26.0940 099.5940 7.0 0.51
2016 05 23 20 57 36.440 26.1870 099.7400 4.6 1.58
2016 05 23 21 18 28.180 26.1090 099.5740 10.7 1.04
2016 05 23 21 25 02.510 26.1080 099.5720 11.8 0.60
2016 05 23 21 43 35.670 26.1050 099.5860 11.0 0.69
2016 05 23 21 54 35.570 26.1040 099.5660 14.4 0.16
2016 05 23 21 59 03.610 26.1000 099.5900 8.5 1.22
2016 05 23 22 12 20.340 26.0960 099.5860 11.0 0.25
2016 05 23 22 17 05.730 26.1014 099.5877 5.5 0.96
2016 05 23 22 54 11.960 26.1950 099.7440 8.2 0.87
2016 05 23 23 15 22.720 26.1078 099.5822 10.5 0.25
2016 05 23 23 15 56.790 26.0757 099.6056 5.4 0.16
2016 05 23 23 17 21.760 26.1110 099.5690 14.9 0.34
2016 05 23 23 18 36.700 26.0930 099.5760 10.0 0.51
2016 05 24 00 01 49.590 26.0820 099.5800 10.2 0.16
2016 05 24 00 37 57.570 26.0850 099.5750 10.4 1.40
2016 05 24 00 53 00.830 26.0910 099.5740 10.6 0.34
2016 05 24 01 10 45.060 26.0870 099.5730 11.8 0.96
2016 05 24 01 24 12.990 26.1160 099.5430 14.8 -0.10619469026548663
2016 05 24 01 45 25.360 26.1290 099.5670 13.5 0.16
2016 05 24 02 04 42.090 26.0576 099.5990 6.2 0.07
2016 05 24 02 24 37.950 26.1070 099.5560 13.3 -0.017699115044247805
2016 05 24 02 30 18.920 25.9994 099.0125 8.3 0.87
2016 05 24 02 30 21.100 26.1060 099.5860 10.7 0.60
2016 05 24 02 32 37.040 26.0120 099.0140 11.0 2.28
2016 05 24 02 35 45.730 26.0960 099.5790 11.9 0.25
2016 05 24 03 00 00.740 26.0610 099.5830 8.5 -0.10619469026548663
2016 05 24 03 16 39.790 26.0950 099.5770 8.2 1.04
2016 05 24 03 37 11.570 26.1060 099.5740 11.6 0.78
2016 05 24 03 44 55.440 26.1210 099.5800 4.3 0.34
2016 05 24 05 33 52.760 26.1070 099.5900 9.4 -0.017699115044247805
2016 05 24 06 01 03.350 26.0170 099.0050 5.0 1.04
2016 05 24 06 47 49.040 26.1050 099.5740 11.4 0.51
2016 05 24 06 51 20.350 26.1100 099.5690 11.5 1.31
2016 05 24 06 53 14.970 26.1018 099.5880 7.9 0.69
2016 05 24 06 55 10.580 26.1260 099.5380 14.9 -0.10619469026548663
2016 05 24 07 35 24.730 26.0350 099.0010 5.0 0.87
2016 05 24 07 47 56.740 26.0920 099.5430 15.0 0.42
2016 05 24 08 38 12.940 26.0060 099.0130 13.5 2.28
2016 05 24 08 51 17.050 25.9890 099.0150 16.0 1.40
2016 05 24 09 25 07.560 26.1420 099.5510 10.1 0.25
2016 05 24 11 08 22.360 26.0970 099.5690 5.0 1.13
2016 05 24 11 15 37.990 26.0860 099.5860 9.9 1.31
2016 05 24 11 30 13.140 26.1060 099.5700 11.0 1.31
2016 05 24 12 07 50.130 26.0860 099.5800 12.5 -0.017699115044247805
2016 05 24 12 39 17.720 26.1040 099.5640 13.1 0.60
2016 05 24 12 47 50.380 26.0750 099.5560 13.2 0.60
2016 05 24 12 52 43.110 26.1001 099.6135 6.7 0.42
2016 05 24 12 55 18.610 26.0740 099.5600 12.1 0.87
2016 05 24 13 03 58.870 26.0730 099.5610 11.9 0.51
2016 05 24 13 13 49.250 26.0750 099.6160 8.1 0.51
2016 05 24 13 40 35.610 26.1013 099.6094 5.0 0.42
2016 05 24 13 45 41.000 26.1059 099.6008 8.3 0.51
2016 05 24 14 12 02.950 26.0660 099.5620 13.4 2.02
2016 05 24 14 12 55.770 26.0610 099.5830 8.1 0.87
2016 05 24 15 17 31.360 26.1100 099.5770 12.5 0.78
2016 05 24 15 26 03.890 26.0050 099.0110 10.8 2.37
2016 05 24 15 32 44.910 26.0930 099.5880 10.3 0.87
2016 05 24 17 12 33.370 26.0980 099.5730 5.9 2.02
2016 05 24 17 46 03.300 25.6390 099.8880 9.5 1.58
2016 05 24 17 50 09.200 26.0990 099.9820 11.2 1.22
2016 05 24 18 28 11.790 26.1050 099.5790 11.9 0.51
2016 05 24 18 38 27.770 26.0750 099.6110 2.9 0.51
2016 05 24 18 52 49.130 26.0943 099.6028 8.2 0.51
2016 05 24 19 11 40.970 26.0840 099.5880 12.8 0.69
2016 05 24 19 37 28.120 26.1140 099.5930 10.9 0.25
2016 05 24 19 53 14.870 26.0640 099.5770 9.8 0.87
2016 05 24 20 04 57.680 26.0690 099.5730 11.1 -0.017699115044247805
2016 05 24 20 29 05.160 26.1460 099.5430 11.4 0.25
2016 05 24 20 55 54.370 25.9880 099.0170 8.1 0.78
2016 05 24 20 56 30.220 26.1270 099.5850 7.6 0.87
2016 05 25 00 27 30.240 26.1226 099.5838 8.2 0.51
2016 05 25 00 35 49.110 26.2488 099.4167 4.7 0.16
2016 05 25 00 44 25.920 26.0950 099.5860 11.8 2.37
