2016 05 17 05 13 29.800 26.3144 100.5512 14.1 0.82
2016 05 17 06 24 41.583 25.9857 103.4551 0.1 2.1
2016 05 17 08 10 49.589 26.5112 101.0415 21.3 1.23
2016 05 17 08 12 16.427 27.0936 103.2775 14.6 2.69
2016 05 17 08 32 16.710 27.0754 103.2816 11.9 2.35
2016 05 17 08 38 59.700 26.1107 100.7043 49.9 1.63
2016 05 17 10 18 26.886 26.4980 101.0331 49.9 1.61
2016 05 17 11 13 45.576 23.3007 103.0719 2.7 1.36
2016 05 17 15 15 29.894 25.0976 99.2056 49.9 1.5
2016 05 17 15 16 54.337 25.5989 100.3759 15.8 1.37
2016 05 17 15 36 54.272 25.5951 100.3768 16.2 1.47
2016 05 17 15 55 30.007 25.1082 99.2030 49.9 1.51
2016 05 17 16 52 50.186 25.4807 100.8235 0.1 1.51
2016 05 17 16 54 15.199 25.5650 100.6631 17.6 1.59
2016 05 17 18 58 23.438 25.7708 100.3952 18.6 -0.09
2016 05 17 18 59 42.762 23.9599 101.5752 46.9 1.22
2016 05 17 19 02 02.169 24.0467 101.6578 26.1 1.3
2016 05 17 19 04 10.990 23.9534 101.6005 42.5 0.99
2016 05 17 19 09 19.473 25.8706 99.7606 0.1 1.6
2016 05 17 19 10 23.818 26.4772 103.2638 27.3 1.5
2016 05 17 19 43 38.354 22.3418 99.5619 4.5 2.03
2016 05 17 19 53 07.863 23.1644 99.2925 0.0 2.34
2016 05 17 20 13 07.721 23.1708 99.2976 0.0 2.31
2016 05 17 20 40 15.267 25.2848 98.5480 17.5 1.53
2016 05 17 21 29 19.930 26.0884 99.5835 0.1 1.83
2016 05 17 21 59 19.924 26.0865 99.5837 8.6 1.78
2016 05 17 23 04 55.638 26.1013 99.5731 7.6 1.3
2016 05 17 23 12 54.884 23.3877 100.4948 7.3 1.22
2016 05 17 23 40 43.433 22.0231 99.8867 30.5 1.62
2016 05 18 00 25 39.614 26.0826 99.5855 12.0 2.23
2016 05 18 00 26 13.099 26.0707 99.5978 13.6 1.63
2016 05 18 00 27 27.239 26.0591 99.5969 21.4 0.91
2016 05 18 00 29 58.947 25.8780 100.5871 7.4 0.87
2016 05 18 00 29 57.912 26.0296 99.6154 17.0 0.9
2016 05 18 00 46 32.877 27.1016 101.0854 19.1 1.29
2016 05 18 00 48 48.503 26.0980 99.5749 14.5 4.89
2016 05 18 00 51 19.211 26.0641 99.5916 0.0 3.21
2016 05 18 00 52 09.152 26.0833 99.5815 12.3 2.5
2016 05 18 00 52 47.162 26.0776 99.5769 0.9 2.76
2016 05 18 00 53 43.992 26.0886 99.5866 0.0 2.19
2016 05 18 00 54 13.626 26.1172 99.5530 3.5 1.89
2016 05 18 00 55 49.746 26.0954 99.5932 8.1 1.75
2016 05 18 00 56 24.719 26.0808 99.5760 0.9 2.46
2016 05 18 00 58 14.946 25.9378 99.3837 0.1 1.6
2016 05 18 00 58 48.162 26.1084 99.4954 35.0 1.17
2016 05 18 00 59 40.364 26.0787 99.5938 10.0 1.41
2016 05 18 00 59 42.241 23.2053 99.5907 0.1 1.74
2016 05 18 01 00 02.383 26.1142 99.5857 13.0 1.31
2016 05 18 01 01 28.581 26.0768 99.5986 0.0 1.13
2016 05 18 01 02 06.074 26.0175 99.6112 14.5 1.23
2016 05 18 01 02 32.286 26.0909 99.5740 10.3 1.36
2016 05 18 01 03 14.804 26.0828 99.5816 12.5 2.49
2016 05 18 01 03 50.941 26.0894 99.5761 12.1 3.52
2016 05 18 01 03 53.581 23.6849 101.1341 28.6 0.92
2016 05 18 01 04 37.940 26.0770 99.5767 5.5 2.51
2016 05 18 01 05 11.442 26.0879 99.5816 14.5 4.5
2016 05 18 01 06 31.208 26.0829 99.5791 6.7 3.4
2016 05 18 01 07 08.098 25.8173 99.6932 0.0 2.67
2016 05 18 01 07 44.401 26.0946 99.5706 9.3 2.17
2016 05 18 01 08 30.196 26.0870 99.5803 8.4 2.61
2016 05 18 01 08 45.422 26.0909 99.5770 1.9 2.99
2016 05 18 01 10 12.376 26.0845 99.5742 3.0 1.54
2016 05 18 01 10 35.064 26.0778 99.5917 5.0 1.67
2016 05 18 01 10 45.817 26.0967 99.5785 4.2 2.05
2016 05 18 01 12 02.625 25.7984 99.9442 9.2 0.94
2016 05 18 01 12 29.996 26.0939 99.5743 10.8 1.63
2016 05 18 01 13 26.901 26.0911 99.5864 9.0 1.1
2016 05 18 01 14 00.975 26.0828 99.5753 3.9 1.41
2016 05 18 01 14 13.707 26.0924 99.5770 12.7 1.78
2016 05 18 01 14 28.839 26.0912 99.5857 6.3 1.65
2016 05 18 01 15 43.479 26.2457 99.6218 38.9 0.78
2016 05 18 01 16 36.747 26.0826 99.5828 13.7 1.97
2016 05 18 01 16 48.283 26.0693 99.5837 2.2 1.8
2016 05 18 01 18 08.861 26.0627 99.5858 14.7 1.04
2016 05 18 01 18 39.176 26.1018 99.5836 7.9 1.18
2016 05 18 01 19 02.454 26.1147 99.5401 8.3 1.21
2016 05 18 01 19 37.861 26.0907 99.5815 12.5 2.43
2016 05 18 01 20 07.799 25.3826 99.8448 49.9 1.93
2016 05 18 01 20 45.620 26.0989 99.5723 6.8 1.19
2016 05 18 01 21 58.201 25.8735 99.6719 18.4 0.62
2016 05 18 01 22 15.249 26.0732 99.5851 1.3 1.17
2016 05 18 01 22 26.118 26.0817 99.6000 9.3 1.16
2016 05 18 01 23 45.432 26.0427 99.6030 8.9 1.31
2016 05 18 01 25 42.770 26.0713 99.5776 11.0 1.04
2016 05 18 01 26 17.118 26.0838 99.5930 12.5 1.8
2016 05 18 01 26 52.916 26.0793 99.5705 8.6 0.84
2016 05 18 01 27 11.419 26.0123 99.5880 19.4 0.69
2016 05 18 01 27 26.206 26.0665 99.5861 8.3 1.06
2016 05 18 01 27 59.809 26.0865 99.5809 13.2 2.8
2016 05 18 01 29 18.782 26.0895 99.5783 10.8 3.03
2016 05 18 01 30 48.293 25.8577 99.6791 14.2 1.12
2016 05 18 01 31 50.406 26.0978 99.5666 11.3 2.47
2016 05 18 01 32 36.876 26.0898 99.5753 1.5 1.64
2016 05 18 01 32 58.417 26.0929 99.5748 9.0 1.97
2016 05 18 01 33 22.702 26.0958 99.5731 9.7 1.43
2016 05 18 01 34 30.752 25.9790 99.6461 15.4 0.71
2016 05 18 01 35 29.077 26.0913 99.5876 10.4 1.25
2016 05 18 01 36 09.404 26.0723 99.5763 11.1 1.77
2016 05 18 01 36 42.055 26.0868 99.5802 14.6 2.62
2016 05 18 01 37 43.824 26.0733 99.5889 9.8 1.04
2016 05 18 01 38 42.410 26.0667 99.5834 10.0 0.93
2016 05 18 01 39 02.398 26.0823 99.5757 8.5 0.94
2016 05 18 01 39 29.407 26.0960 99.5849 10.1 1.49
2016 05 18 01 42 12.266 26.0792 99.5894 9.6 0.81
2016 05 18 01 42 41.714 26.0981 99.5925 7.4 1.03
2016 05 18 01 43 04.881 26.1028 99.5594 7.6 1.03
2016 05 18 01 43 43.528 25.8744 99.6880 12.5 1.0
2016 05 18 01 44 16.011 26.0851 99.5829 9.0 1.19
2016 05 18 01 44 35.699 26.0811 99.5780 3.7 0.99
2016 05 18 01 45 26.155 26.0783 99.5882 8.4 1.24
2016 05 18 01 46 32.213 25.5958 98.3586 11.3 3.26
2016 05 18 01 47 55.552 26.1064 99.5872 11.1 1.16
2016 05 18 01 48 24.736 26.0464 99.5932 0.1 0.94
2016 05 18 01 48 38.578 26.0040 99.6293 16.5 0.8
2016 05 18 01 49 16.850 26.0752 99.5857 9.2 1.18
2016 05 18 01 49 45.975 26.0876 99.5848 15.0 3.05
2016 05 18 01 51 00.665 26.1095 99.5796 10.0 1.47
2016 05 18 01 52 51.465 26.0651 99.5749 0.0 1.13
2016 05 18 01 53 07.819 26.0123 99.6166 9.2 1.02
2016 05 18 01 53 17.816 26.1075 99.5387 0.0 1.18
2016 05 18 01 53 36.828 26.1044 99.5712 0.0 1.05
2016 05 18 01 54 01.900 26.0808 99.5820 11.8 1.08
2016 05 18 00 59 42.152 23.2059 99.5888 6.2 1.74
2016 05 18 01 00 01.554 24.7393 100.1650 49.9 1.74
2016 05 18 00 59 40.476 26.0997 99.5820 1.5 1.39
2016 05 18 01 00 01.542 25.9195 99.6725 24.6 1.19
2016 05 18 01 00 44.711 26.0785 99.5797 7.4 1.0
2016 05 18 01 02 32.432 26.0879 99.5799 7.6 1.28
2016 05 18 01 02 03.983 25.0342 99.2929 40.7 1.38
2016 05 18 01 03 14.987 26.0799 99.5758 1.2 2.64
2016 05 18 01 03 51.160 26.0946 99.5729 0.4 3.52
2016 05 18 01 04 37.829 26.0803 99.5731 6.6 2.53
2016 05 18 01 05 11.907 26.0784 99.5846 0.0 4.65
2016 05 18 01 06 31.257 26.0936 99.5743 0.6 3.46
2016 05 18 01 07 08.856 26.0814 99.5745 9.5 2.81
2016 05 18 01 07 44.327 26.0964 99.5677 10.7 2.31
2016 05 18 01 08 30.316 26.0924 99.5779 1.9 2.76
2016 05 18 01 08 09.547 26.0808 99.5918 3.2 2.09
2016 05 18 01 08 45.355 26.0872 99.5802 1.4 2.91
2016 05 18 01 10 12.354 26.0903 99.5748 3.0 1.72
2016 05 18 01 10 45.823 26.0994 99.5777 0.0 2.08
2016 05 18 01 10 34.995 26.0653 99.5920 9.4 1.65
2016 05 18 01 12 30.152 26.1104 99.5683 0.6 1.74
2016 05 18 01 13 26.878 26.0938 99.5782 10.0 1.02
2016 05 18 01 14 14.172 26.0790 99.5914 0.0 1.78
2016 05 18 01 14 02.277 25.9502 99.5766 3.7 1.44
2016 05 18 01 14 28.908 26.0889 99.5850 3.5 1.73
2016 05 18 01 15 25.703 26.0797 99.6164 16.2 0.85
2016 05 18 01 16 08.490 26.0996 99.5793 10.9 0.77
2016 05 18 01 16 37.323 26.0782 99.5949 2.1 2.09
2016 05 18 01 16 48.284 26.0751 99.5796 2.6 1.89
2016 05 18 01 17 25.384 26.1222 99.5614 7.8 1.15
2016 05 18 01 17 42.148 26.1065 99.5818 10.6 1.15
2016 05 18 01 18 39.365 26.0961 99.5905 0.0 1.26
2016 05 18 01 17 53.541 25.2677 99.8684 45.2 1.59
2016 05 18 01 19 01.356 25.9738 99.6310 23.6 1.29
2016 05 18 01 19 38.106 26.0948 99.5778 0.0 2.42
2016 05 18 01 20 07.753 26.5339 99.2772 49.9 1.71
2016 05 18 01 20 45.573 26.0979 99.5730 8.1 1.15
2016 05 18 01 22 14.951 26.0720 99.5815 8.8 1.18
2016 05 18 01 21 58.228 25.8845 99.6640 19.3 0.53
2016 05 18 01 22 50.021 26.0936 99.5918 6.1 1.0
2016 05 18 01 22 25.897 26.0910 99.5943 11.5 1.19
2016 05 18 01 23 45.796 26.0407 99.6060 3.8 1.38
2016 05 18 01 25 43.117 26.0722 99.5863 3.3 1.05
2016 05 18 01 26 17.501 26.0829 99.5886 0.0 1.83
2016 05 18 01 27 25.915 26.0778 99.5767 11.4 1.11
2016 05 18 01 26 52.907 26.0660 99.5770 10.6 0.87
2016 05 18 01 27 11.594 26.1167 99.5468 6.2 0.92
2016 05 18 01 28 00.161 26.0802 99.5805 3.4 2.9
2016 05 18 01 29 19.008 26.0868 99.5774 0.0 3.15
2016 05 18 01 30 48.230 25.8457 99.6841 13.2 1.09
2016 05 18 01 31 50.549 26.0910 99.5713 6.3 2.5
2016 05 18 01 32 58.542 26.0963 99.5726 1.9 1.95
2016 05 18 01 32 36.774 26.0998 99.5708 1.1 1.7
2016 05 18 01 33 22.679 26.0963 99.5749 9.6 1.53
2016 05 18 01 34 30.851 26.0755 99.6031 10.3 0.76
2016 05 18 01 34 16.292 25.9688 99.6457 20.7 0.43
2016 05 18 01 35 29.040 26.1008 99.5821 9.3 1.21
2016 05 18 01 36 09.744 26.0682 99.5777 4.4 1.86
2016 05 18 01 36 42.449 26.0869 99.5732 0.0 2.57
2016 05 18 01 37 44.093 26.0661 99.5952 6.3 1.22
2016 05 18 01 39 02.360 26.0826 99.5782 8.3 0.83
2016 05 18 01 38 42.321 26.0571 99.5879 11.9 0.89
2016 05 18 01 38 08.875 26.0531 98.9106 17.4 1.3
2016 05 18 01 39 29.636 26.0986 99.5865 0.0 1.65
2016 05 18 01 40 28.826 26.0795 99.5799 12.1 1.11
2016 05 18 01 42 12.301 26.0835 99.5858 8.3 0.99
2016 05 18 01 42 41.694 26.0953 99.5949 8.0 1.04
2016 05 18 01 43 05.357 26.0984 99.5760 0.0 1.03
2016 05 18 01 43 43.729 26.0981 99.5791 10.1 1.0
2016 05 18 01 44 16.051 26.0859 99.5820 8.1 1.34
2016 05 18 01 44 35.122 26.0264 99.6040 16.4 1.03
2016 05 18 01 45 26.368 26.0731 99.5877 1.6 1.36
2016 05 18 01 46 32.393 25.5965 98.3552 0.1 3.34
2016 05 18 01 46 16.466 26.0613 99.5961 18.3 0.57
2016 05 18 01 47 33.088 26.0910 99.5734 11.0 1.68
2016 05 18 01 47 55.788 26.0988 99.5880 10.0 1.45
2016 05 18 01 48 22.160 27.2016 100.2556 47.1 1.61
2016 05 18 01 50 30.111 26.5023 102.5867 9.7 1.97
2016 05 18 01 51 40.899 26.1169 99.5730 11.4 1.22
2016 05 18 01 50 27.512 22.9484 101.8973 20.2 1.94
2016 05 18 01 56 04.256 25.5966 98.3613 14.5 1.96
2016 05 18 01 56 28.051 25.5964 98.3642 15.8 2.92
2016 05 18 01 59 23.152 24.9845 99.8788 32.4 1.6
2016 05 18 02 00 21.157 26.1126 99.5798 0.0 2.14
2016 05 18 02 00 41.481 26.0705 99.5779 8.3 2.03
2016 05 18 02 01 20.434 26.0980 99.5883 7.6 1.33
2016 05 18 02 02 29.171 26.0973 99.5880 10.0 0.98
2016 05 18 02 03 02.730 26.0946 99.5837 8.3 1.53
2016 05 18 02 03 44.582 26.0704 99.5770 6.0 1.32
2016 05 18 02 04 27.691 26.0774 99.5817 6.3 1.06
2016 05 18 02 05 02.820 26.0518 99.5718 7.4 1.07
2016 05 18 02 05 25.886 26.0971 99.5679 12.5 1.07
2016 05 18 02 07 52.601 26.0688 99.5878 15.0 0.49
2016 05 18 02 08 19.331 26.0960 99.5742 10.0 1.28
2016 05 18 02 09 18.591 26.0672 99.5810 6.8 0.82
2016 05 18 02 10 16.933 25.9116 99.6702 15.4 0.7
2016 05 18 02 10 28.236 25.9525 99.6546 30.9 0.88
2016 05 18 02 12 08.337 22.3729 103.0368 44.3 1.44
2016 05 18 02 12 33.955 26.0763 99.5722 6.7 0.45
2016 05 18 02 13 03.993 26.0893 99.5918 10.9 1.12
2016 05 18 02 14 20.848 26.0496 99.5736 4.2 1.13
2016 05 18 02 15 13.591 25.9460 99.6568 6.2 0.85
2016 05 18 02 16 27.692 26.0807 99.5820 13.0 2.5
2016 05 18 02 16 27.433 26.9387 100.8935 9.1 1.15
2016 05 18 02 17 10.967 26.0691 99.5884 8.6 1.55
2016 05 18 02 18 04.791 26.0553 99.5625 10.0 1.54
2016 05 18 02 19 21.079 26.0848 99.5754 0.0 2.0
2016 05 18 02 20 00.688 26.0488 99.5738 10.3 1.35
2016 05 18 02 21 55.716 25.9054 99.6957 10.3 0.92
2016 05 18 02 22 28.358 26.1070 99.5684 10.0 1.84
2016 05 18 02 23 15.589 25.8214 99.6964 13.2 0.91
2016 05 18 02 24 14.045 25.9111 99.6666 12.5 0.46
2016 05 18 02 24 19.107 26.3507 100.3769 36.7 1.24
2016 05 18 02 25 12.688 26.0925 99.5687 10.4 1.97
2016 05 18 02 26 13.104 25.8274 99.6905 12.0 0.45
2016 05 18 02 26 32.445 26.0657 99.5753 8.6 0.82
2016 05 18 02 26 43.593 26.0707 99.5711 12.4 1.71
2016 05 18 02 27 15.125 26.0468 99.5705 8.4 1.0
2016 05 18 02 28 42.009 26.0613 99.5752 3.0 0.98
2016 05 18 02 28 48.045 26.0516 99.5822 4.4 1.12
2016 05 18 02 30 53.640 26.0699 99.5743 11.0 0.7
2016 05 18 02 33 32.861 26.0799 99.5946 11.5 1.41
2016 05 18 02 36 33.951 25.9097 99.7235 37.2 0.67
2016 05 18 02 37 30.563 26.1062 99.5852 1.6 1.16
2016 05 18 02 39 47.926 26.0128 99.6017 14.6 0.62
2016 05 18 02 39 59.340 25.8998 99.7170 29.5 0.41
2016 05 18 02 40 45.546 25.9511 99.6420 19.7 0.13
2016 05 18 02 41 46.130 25.8576 99.6625 7.6 0.68
2016 05 18 02 42 43.039 26.0604 99.5751 11.3 0.94
2016 05 18 02 43 23.445 26.0850 99.5932 12.6 1.96
2016 05 18 02 44 10.256 26.0706 99.5736 8.9 1.32
2016 05 18 02 45 06.424 26.0887 99.5909 13.8 2.8
2016 05 18 02 47 17.762 26.1132 99.5701 8.3 0.99
2016 05 18 02 47 38.277 26.0907 99.5782 6.6 0.94
2016 05 18 02 48 23.719 25.8584 99.4522 33.4 1.24
2016 05 18 02 49 29.808 25.8643 99.6539 19.3 0.28
2016 05 18 02 50 07.256 26.0702 99.5680 8.9 0.82
2016 05 18 02 50 40.803 26.0809 99.5858 8.3 0.66
2016 05 18 02 51 23.314 26.0734 99.5941 14.1 0.69
2016 05 18 02 53 03.985 26.0595 99.5999 16.6 0.71
2016 05 18 02 53 48.265 26.0678 99.6007 17.7 0.71
2016 05 18 02 54 55.108 26.0665 99.5782 8.7 1.63
2016 05 18 02 55 27.163 26.0631 99.5781 4.4 1.3
2016 05 18 02 56 23.626 26.0393 99.6052 11.2 1.11
2016 05 18 02 57 30.393 26.0175 99.5948 0.1 0.5
2016 05 18 02 58 09.774 26.0926 99.5924 10.6 1.32
2016 05 18 02 59 59.244 25.8490 100.4839 9.3 0.88
2016 05 18 03 02 43.577 25.8373 99.7119 11.1 0.73
2016 05 18 03 03 35.160 25.9138 99.6324 13.6 0.62
2016 05 18 03 03 45.264 25.9977 99.5944 12.1 0.5
2016 05 18 03 04 30.590 26.0994 99.5870 11.7 1.88
2016 05 18 03 05 34.488 26.1041 99.5916 10.3 0.93
2016 05 18 03 07 09.671 25.8428 99.7035 1.5 0.49
2016 05 18 03 08 04.683 26.0943 99.5768 10.8 0.64
2016 05 18 03 10 47.149 26.0427 99.6158 15.0 1.23
2016 05 18 03 11 52.974 26.0815 99.4772 37.4 0.27
2016 05 18 03 12 43.485 26.0616 99.5928 4.3 0.79
2016 05 18 03 14 00.999 26.0824 99.5954 7.7 0.65
2016 05 18 03 14 51.002 26.1018 99.5656 11.9 1.15
2016 05 18 03 16 18.027 26.1007 99.5684 8.8 1.11
2016 05 18 03 18 18.777 26.1302 99.5606 8.1 0.59
2016 05 18 03 18 47.289 26.0892 99.5913 11.3 1.06
2016 05 18 03 19 08.270 25.8848 99.5088 16.5 0.8
2016 05 18 03 20 44.406 25.8542 99.7111 7.6 0.6
2016 05 18 03 21 00.380 25.6942 99.6997 32.4 0.65
2016 05 18 03 21 19.500 25.9717 99.6432 18.2 0.38
2016 05 18 03 22 43.912 26.0685 99.5752 8.8 2.01
2016 05 18 03 23 30.196 26.0165 99.5909 16.0 0.78
2016 05 18 03 24 00.598 26.1174 99.5549 0.7 0.44
2016 05 18 03 24 59.146 25.8780 100.5590 8.1 1.0
2016 05 18 03 25 44.713 25.9779 99.6028 21.0 0.58
2016 05 18 03 26 19.834 25.8181 99.4749 10.2 0.69
2016 05 18 03 26 33.705 26.0661 99.5764 10.1 1.7
2016 05 18 03 26 44.478 26.1955 99.6061 28.2 1.67
2016 05 18 03 29 46.920 25.8910 99.6739 9.0 0.52
2016 05 18 03 31 07.124 25.8137 99.7039 0.0 0.41
2016 05 18 03 31 48.505 25.8768 99.6523 0.9 0.33
2016 05 18 03 34 46.673 26.0753 99.5882 12.5 1.41
2016 05 18 03 35 46.286 26.1245 99.5831 12.4 0.7
2016 05 18 03 36 13.449 26.0822 99.5898 12.5 1.01
2016 05 18 03 37 26.172 26.0403 99.5821 15.8 0.25
2016 05 18 03 37 57.622 26.0816 99.5746 16.0 0.41
2016 05 18 03 38 52.819 26.0764 99.5925 2.9 0.81
2016 05 18 03 39 45.074 26.0820 99.5698 8.6 0.86
2016 05 18 03 41 16.401 26.0240 99.5988 15.0 0.51
2016 05 18 03 42 00.381 25.7814 100.2185 8.2 0.96
2016 05 18 03 45 06.190 25.8172 99.4359 29.8 1.06
2016 05 18 03 47 24.188 25.9399 99.6700 14.2 2.72
2016 05 18 03 47 31.907 26.0874 99.5955 10.8 2.82
2016 05 18 03 48 32.316 26.1018 99.5876 6.9 1.49
2016 05 18 03 50 17.887 26.2096 99.6288 12.5 2.06
2016 05 18 03 51 11.076 26.1159 99.5940 0.0 1.0
2016 05 18 03 53 15.529 26.0934 99.5776 10.1 0.73
2016 05 18 03 53 37.530 26.1127 99.5756 0.0 1.21
2016 05 18 03 54 02.294 26.0900 99.5811 13.2 2.16
2016 05 18 03 54 52.841 26.0430 99.5747 10.7 1.13
2016 05 18 03 56 16.098 25.9128 99.6625 27.8 0.45
2016 05 18 03 56 42.868 26.1072 99.5826 8.8 0.75
2016 05 18 03 59 34.330 25.8003 99.5374 0.0 0.52
2016 05 18 03 59 54.376 25.8623 99.6859 8.6 0.49
2016 05 18 04 00 47.324 26.0268 99.6252 21.2 1.44
2016 05 18 04 00 58.799 26.0383 99.6103 8.7 2.45
2016 05 18 04 01 36.139 23.7640 101.1211 10.5 0.45
2016 05 18 04 02 15.949 26.1008 99.5872 5.7 1.18
2016 05 18 04 04 20.766 26.0905 99.5974 9.3 1.71
2016 05 18 04 04 28.067 26.0667 99.5682 0.0 2.05
2016 05 18 04 05 07.515 25.9078 99.6794 11.1 0.74
2016 05 18 04 05 39.955 26.0654 99.5918 11.8 0.91
2016 05 18 04 06 52.138 26.0504 99.5692 9.4 0.53
2016 05 18 04 09 32.829 25.9217 99.6418 23.9 0.2
2016 05 18 04 11 01.041 26.0818 99.5827 12.9 0.71
2016 05 18 04 12 16.813 25.8736 99.6993 10.0 0.36
2016 05 18 04 12 36.474 25.9913 99.6152 18.9 0.45
2016 05 18 04 13 35.776 26.0758 99.5762 11.6 0.62
2016 05 18 04 15 47.207 26.1071 99.5820 4.2 1.44
2016 05 18 04 16 42.227 26.0747 99.5896 6.6 1.23
2016 05 18 04 18 54.894 26.0870 99.5825 2.7 0.54
2016 05 18 04 20 17.076 26.1020 99.5880 11.8 1.78
2016 05 18 04 22 12.909 26.1822 99.6098 12.4 0.61
2016 05 18 04 23 02.181 26.0682 99.5806 8.8 0.76
2016 05 18 04 24 30.465 25.8894 99.6900 10.5 0.49
2016 05 18 04 25 16.533 25.8871 99.6901 14.7 0.48
2016 05 18 04 26 40.615 26.0851 99.5821 2.5 0.6
2016 05 18 04 28 54.219 26.0718 99.5808 7.9 1.55
2016 05 18 04 31 29.935 25.8798 99.6602 28.3 0.58
2016 05 18 04 32 57.615 23.7732 102.6842 8.9 0.72
2016 05 18 04 34 09.764 25.8757 99.6866 13.2 0.59
2016 05 18 04 39 12.164 26.1393 99.6392 19.2 0.65
2016 05 18 04 39 41.810 25.8609 99.6848 0.0 0.3
2016 05 18 04 45 51.178 26.0821 99.5829 11.0 0.8
2016 05 18 04 51 06.043 26.1013 99.5649 11.8 2.18
2016 05 18 04 52 33.851 26.0750 99.5808 6.2 0.81
2016 05 18 04 53 14.962 26.0736 99.5901 13.4 2.11
2016 05 18 04 54 11.067 26.0990 99.5666 13.1 1.0
2016 05 18 04 57 11.482 26.1023 99.5800 10.4 0.75
2016 05 18 05 02 01.367 25.8434 99.7041 8.6 0.25
2016 05 18 05 03 13.962 25.8092 99.7066 0.2 0.63
2016 05 18 05 03 29.282 26.0949 99.5749 9.3 0.72
2016 05 18 05 05 36.811 26.0862 99.5904 10.0 1.22
2016 05 18 05 05 53.413 26.0912 99.5788 9.0 0.92
2016 05 18 05 06 40.499 25.9604 99.6396 17.8 0.61
2016 05 18 05 09 06.251 26.0895 99.5710 15.6 1.03
2016 05 18 05 09 43.735 26.0996 99.5674 10.8 1.3
2016 05 18 05 12 42.417 25.8176 99.6230 18.0 0.58
2016 05 18 05 13 41.976 26.0869 99.5793 9.6 0.86
2016 05 18 05 15 15.230 26.1043 99.5745 10.9 0.92
2016 05 18 05 16 54.656 25.8915 99.6492 15.7 0.69
2016 05 18 05 18 04.327 25.8957 99.6825 12.0 0.49
2016 05 18 05 22 10.958 26.0972 99.5754 6.7 0.99
2016 05 18 05 23 22.169 26.0755 99.5684 6.9 1.04
2016 05 18 05 25 28.588 26.0637 99.5652 12.5 0.77
2016 05 18 05 25 50.098 25.8198 99.7091 0.0 0.68
2016 05 18 05 27 50.431 26.1257 99.5827 12.9 0.9
2016 05 18 05 30 45.133 26.0845 99.5852 5.3 0.84
2016 05 18 05 31 35.727 26.0687 99.5751 8.4 1.01
2016 05 18 05 32 03.488 25.9479 99.6397 14.0 0.69
2016 05 18 05 32 26.069 26.0810 99.5793 6.9 1.03
2016 05 18 05 35 45.422 26.1045 99.5873 6.9 0.73
2016 05 18 05 36 15.300 25.9102 99.6814 12.8 0.77
2016 05 18 05 36 30.924 26.0659 99.5849 12.5 1.71
2016 05 18 05 37 26.323 26.0907 99.5814 8.6 0.52
2016 05 18 05 40 34.457 26.0759 99.5838 9.1 1.09
2016 05 18 05 43 43.283 25.9112 99.6750 15.8 0.9
2016 05 18 05 44 11.429 26.0118 99.6123 7.8 0.56
2016 05 18 05 48 38.070 26.0714 99.5659 9.3 0.33
2016 05 18 05 52 11.193 26.0609 99.5942 11.4 0.8
2016 05 18 05 52 43.779 26.0787 99.6018 10.3 0.76
2016 05 18 05 54 58.966 25.8798 100.5505 9.3 0.64
2016 05 18 05 56 30.619 26.0773 99.5851 16.4 0.6
2016 05 18 06 06 39.476 26.0802 99.5832 10.5 0.92
2016 05 18 06 08 41.250 26.0511 99.5753 7.3 1.07
2016 05 18 06 10 59.632 26.1020 99.5833 11.2 0.76
2016 05 18 06 12 04.655 26.0863 100.6240 29.2 0.92
2016 05 18 06 13 09.256 26.0568 99.5952 11.8 0.9
2016 05 18 06 19 59.145 25.8768 100.5756 7.3 0.89
2016 05 18 06 20 22.864 25.9863 99.6321 15.0 0.81
2016 05 18 06 24 41.410 26.0676 99.5854 11.9 0.73
2016 05 18 06 25 49.752 26.2005 99.6320 11.1 1.17
2016 05 18 06 28 19.368 26.0663 99.5918 10.1 1.97
2016 05 18 06 30 55.089 25.8713 99.6936 11.9 0.46
2016 05 18 06 37 08.838 26.0921 99.5928 1.5 0.99
2016 05 18 06 38 55.799 26.0514 99.6034 9.6 0.75
2016 05 18 06 48 54.123 25.9578 99.6468 16.7 0.86
2016 05 18 06 52 31.770 25.9467 99.6602 16.9 0.62
2016 05 18 06 55 12.426 25.8574 99.6902 6.4 0.87
2016 05 18 07 00 19.730 25.7772 100.0771 15.6 1.18
2016 05 18 07 09 57.583 25.9228 100.6298 7.7 0.83
2016 05 18 07 10 01.122 27.1423 103.3175 13.9 2.33
2016 05 18 07 30 43.651 25.5071 98.4385 31.7 1.32
2016 05 18 07 31 56.799 25.7450 99.7171 4.2 0.82
2016 05 18 07 49 08.837 24.9950 99.4217 41.1 1.75
2016 05 18 07 50 29.389 26.0673 99.5710 10.4 1.15
2016 05 18 07 55 37.122 26.1023 99.5780 8.3 1.53
2016 05 18 07 56 02.504 26.7443 101.1793 23.6 1.48
2016 05 18 08 01 06.522 25.8951 99.6851 15.9 1.34
2016 05 18 08 04 52.967 26.0908 99.5919 7.5 1.53
2016 05 18 08 25 25.828 26.0950 99.5914 12.7 1.51
2016 05 18 09 27 56.697 24.2128 103.1021 15.0 2.01
2016 05 18 09 37 56.892 24.2050 103.1079 12.0 1.84
2016 05 18 10 09 47.391 26.0621 99.5978 0.0 1.68
2016 05 18 10 33 01.953 26.3966 103.0649 1.7 0.64
2016 05 18 10 34 11.065 26.3398 102.8922 5.9 1.33
2016 05 18 10 35 41.862 26.0768 99.5755 12.4 1.64
2016 05 18 10 45 14.748 26.1003 99.5743 9.8 1.42
2016 05 18 10 51 29.515 25.8327 99.6988 16.7 1.11
2016 05 18 11 09 00.578 26.0743 99.5795 7.0 1.59
2016 05 18 11 09 52.294 26.0748 99.5834 5.2 1.79
2016 05 18 11 14 25.280 24.9621 98.5996 20.2 0.94
2016 05 18 11 21 11.020 26.0914 99.5804 10.2 1.51
2016 05 18 11 23 08.507 26.0981 103.1385 16.6 1.3
2016 05 18 11 25 13.283 23.7729 105.6726 36.4 2.07
2016 05 18 11 26 24.394 26.0988 99.5720 11.0 1.32
2016 05 18 11 27 05.457 28.4387 104.4057 28.4 1.02
2016 05 18 11 45 04.143 25.9158 102.9848 41.5 1.39
2016 05 18 11 50 23.426 26.4071 103.2100 17.2 1.36
2016 05 18 11 53 48.877 27.1297 100.7796 39.8 1.32
2016 05 18 12 03 48.908 27.1308 100.7791 39.6 1.35
2016 05 18 12 11 13.011 26.1109 99.5824 10.6 1.2
2016 05 18 12 22 09.349 24.2725 98.2591 0.5 1.52
2016 05 18 12 23 45.690 23.2917 103.0731 30.1 1.2
2016 05 18 12 51 27.248 26.1312 99.5241 16.0 -0.12
2016 05 18 12 53 49.108 26.1545 99.4176 15.2 0.29
2016 05 18 12 57 26.921 26.1713 99.3018 2.8 0.79
2016 05 18 13 08 49.878 26.1699 99.3096 0.0 0.86
2016 05 18 13 16 56.945 25.8156 103.2695 19.4 1.74
2016 05 18 13 23 22.664 26.0944 99.5864 9.2 1.19
2016 05 18 13 25 29.720 21.9055 100.6827 3.5 1.14
2016 05 18 13 27 40.046 26.4152 103.0611 1.2 0.26
2016 05 18 13 32 31.226 26.1035 99.5684 10.6 0.93
2016 05 18 13 34 51.896 26.0846 99.5845 8.8 1.48
2016 05 18 13 39 21.362 26.0977 99.5824 11.4 0.98
2016 05 18 13 54 30.476 26.0950 99.5795 10.0 0.86
2016 05 18 13 57 49.115 22.5253 99.7577 21.5 1.46
2016 05 18 13 58 54.613 25.0975 98.0716 3.0 1.21
2016 05 18 14 01 04.706 26.0859 99.5757 11.0 1.34
2016 05 18 14 28 56.831 26.1003 99.5674 12.3 0.75
2016 05 18 14 36 10.558 26.1173 99.5606 11.2 1.16
2016 05 18 14 37 42.062 26.0922 99.5831 9.4 1.35
2016 05 18 14 48 03.667 27.6297 101.5121 50.0 1.29
2016 05 18 15 12 11.869 26.1144 99.5897 10.0 0.94
2016 05 18 15 22 11.878 26.1167 99.5665 12.7 0.99
2016 05 18 15 23 58.789 26.1008 99.5767 10.4 1.3
2016 05 18 15 32 11.855 26.1153 99.5885 10.2 0.95
2016 05 18 15 49 22.663 26.0880 99.5795 9.3 1.09
2016 05 18 16 00 35.080 26.1177 99.5560 11.6 1.19
2016 05 18 16 59 35.494 26.1089 99.5333 16.0 0.86
2016 05 18 17 13 20.057 25.5914 100.3551 19.9 1.39
2016 05 18 17 47 32.185 25.6398 100.2278 10.2 1.37
2016 05 18 18 06 27.763 25.6884 102.9206 27.7 1.97
2016 05 18 18 24 30.477 26.0947 99.5476 13.7 1.24
2016 05 18 18 48 33.235 26.0672 99.5695 10.2 1.34
2016 05 18 18 49 13.999 26.0867 99.5863 9.0 1.03
2016 05 18 18 53 32.526 28.0667 103.8436 31.3 1.42
2016 05 18 18 59 03.047 25.7093 100.2888 20.6 0.77
2016 05 18 19 03 01.741 25.6136 100.2215 15.9 1.01
2016 05 18 19 06 23.052 26.0756 99.5888 4.2 1.03
2016 05 18 19 09 51.100 26.1229 99.5735 11.6 0.9
2016 05 18 19 12 11.895 26.1154 99.5741 10.1 1.33
2016 05 18 19 14 32.296 26.1042 99.5764 9.3 1.46
2016 05 18 19 15 30.358 26.0618 99.6181 3.2 0.17
2016 05 18 19 16 17.513 26.1606 99.3468 10.3 0.57
2016 05 18 19 17 57.367 26.0909 99.5774 9.3 1.36
2016 05 18 19 27 32.666 26.6894 100.1022 26.0 1.19
2016 05 18 19 35 59.158 26.0811 99.5819 10.5 0.92
2016 05 18 19 44 50.220 26.1364 99.5788 12.7 0.35
2016 05 18 19 51 56.472 26.0977 99.5871 10.5 0.73
2016 05 18 20 13 55.419 26.1095 99.5627 11.7 0.61
2016 05 18 20 15 16.172 26.2354 99.5269 13.7 0.86
2016 05 18 20 26 02.638 26.0885 99.5692 13.7 0.81
2016 05 18 20 27 10.211 26.0824 99.5756 13.4 1.08
2016 05 18 20 56 02.669 26.0861 99.5680 13.7 0.81
2016 05 18 20 57 56.324 26.1060 99.5893 7.9 1.26
2016 05 18 21 17 12.568 26.0992 99.5727 10.1 1.17
2016 05 18 21 17 20.343 26.1119 99.5645 11.7 0.87
2016 05 18 21 47 12.552 26.0988 99.5730 10.3 1.16
2016 05 18 21 47 20.339 26.1495 99.2893 4.9 1.09
2016 05 18 21 48 56.601 26.1087 99.6004 10.0 1.26
2016 05 18 21 49 47.741 26.0953 99.6077 9.1 2.42
2016 05 18 21 51 11.126 26.1216 99.5965 10.4 0.69
2016 05 18 21 53 07.581 26.0669 99.5697 9.4 2.0
2016 05 18 21 58 56.556 26.1108 99.5965 10.8 1.3
2016 05 18 22 00 43.394 26.0781 99.5822 6.8 1.1
2016 05 18 22 21 17.426 26.0420 99.6087 0.0 1.25
2016 05 18 22 24 31.014 26.9490 99.7855 10.8 1.61
2016 05 18 22 27 29.214 26.1459 99.5054 8.4 0.74
2016 05 18 22 28 08.959 26.7148 100.2017 49.9 1.37
2016 05 18 22 29 59.286 25.8780 100.4222 1.4 1.01
2016 05 18 22 34 03.794 26.1062 99.5950 0.0 0.55
2016 05 18 22 34 54.091 26.9069 100.7089 20.1 2.23
2016 05 18 22 35 32.846 26.0835 99.5817 11.4 1.25
2016 05 18 22 38 00.332 26.0778 99.5688 8.5 1.47
2016 05 18 22 48 04.644 26.1197 99.5843 11.2 0.65
2016 05 18 22 49 12.222 26.0453 99.5852 10.3 0.72
2016 05 18 22 51 50.236 26.0556 99.5750 7.1 0.82
2016 05 18 22 59 16.754 29.3234 102.1740 19.1 4.27
2016 05 18 23 24 57.464 26.0967 99.5757 11.5 0.45
2016 05 18 23 41 58.155 25.8519 105.7544 25.9 1.52
2016 05 18 23 43 40.438 24.9428 98.3938 3.5 0.16
2016 05 19 00 06 30.977 26.3179 100.1197 1.4 0.19
2016 05 19 00 16 07.944 26.0780 99.5868 5.2 1.44
2016 05 19 00 22 56.547 26.1082 99.5893 8.3 1.7
2016 05 19 00 27 41.895 26.1057 99.5854 2.1 1.41
2016 05 19 00 40 22.489 26.1021 99.5556 5.2 0.72
2016 05 19 00 47 41.762 26.0848 99.5956 10.5 1.48
2016 05 19 00 49 37.580 26.1251 99.5899 12.5 0.92
2016 05 19 00 52 01.890 26.1926 99.6318 22.9 0.7
2016 05 19 01 05 24.339 24.3947 98.8566 15.7 0.92
2016 05 19 01 05 46.067 28.6180 97.4887 49.5 3.52
2016 05 19 01 22 01.952 26.1961 99.6311 22.8 0.95
2016 05 19 01 59 49.229 26.0946 99.5708 11.6 0.51
2016 05 19 02 05 17.427 26.1038 99.5921 1.6 1.95
2016 05 19 02 08 18.300 26.1532 99.5561 32.4 1.57
2016 05 19 02 18 12.996 26.1098 99.5729 10.1 1.28
2016 05 19 02 52 09.091 26.1098 99.5791 13.1 0.88
2016 05 19 02 54 27.582 26.1209 99.5811 12.8 0.69
2016 05 19 03 19 51.928 26.0874 99.5843 0.0 0.96
2016 05 19 03 31 20.714 27.5798 100.2698 41.7 1.21
2016 05 19 03 40 58.046 26.1085 99.6026 7.8 2.45
2016 05 19 03 48 48.807 26.1063 99.5842 3.7 2.47
2016 05 19 03 49 28.250 23.6741 101.1827 12.6 1.12
2016 05 19 03 51 59.090 26.1180 99.5767 10.8 0.43
2016 05 19 03 53 35.817 26.1173 99.5798 9.4 0.33
2016 05 19 03 54 46.471 26.2364 99.6841 28.2 0.55
2016 05 19 04 02 10.249 26.1999 99.6478 25.6 0.34
2016 05 19 04 02 22.790 26.1179 99.5800 7.2 0.6
2016 05 19 04 07 58.785 26.1088 99.5862 0.0 0.84
2016 05 19 04 09 46.063 26.1238 99.5471 4.5 0.95
2016 05 19 04 12 51.276 26.1261 99.5424 7.5 0.99
2016 05 19 04 14 13.923 25.4286 101.8672 16.7 1.3
2016 05 19 04 22 35.271 26.0906 99.5729 7.0 0.41
2016 05 19 04 23 22.081 26.0846 99.5750 8.5 0.79
2016 05 19 04 29 45.978 26.1044 99.5486 12.4 0.81
2016 05 19 04 32 07.458 26.1108 99.5626 13.6 0.66
2016 05 19 04 34 13.329 26.1175 99.5844 7.0 0.77
2016 05 19 04 35 59.135 26.0801 99.5625 10.4 0.39
2016 05 19 04 36 16.796 26.0778 99.5636 5.7 1.54
2016 05 19 04 36 31.561 26.1067 99.5590 0.0 1.72
2016 05 19 04 37 59.573 26.1271 99.6068 19.6 0.53
2016 05 19 04 38 55.974 23.3079 103.2614 6.9 0.95
2016 05 19 04 42 31.552 23.3022 103.2758 0.1 1.03
2016 05 19 04 43 02.319 25.5369 99.9775 10.0 0.62
2016 05 19 04 51 18.827 26.2253 99.9122 10.2 0.83
2016 05 19 04 56 03.497 25.8611 99.6790 10.3 0.38
2016 05 19 05 06 03.688 26.0945 99.5693 9.3 0.46
2016 05 19 05 06 52.512 28.0736 101.0093 16.5 1.11
2016 05 19 05 08 07.922 26.1161 99.5780 9.7 0.61
2016 05 19 05 08 51.017 25.9853 99.6347 21.0 0.89
2016 05 19 05 16 52.804 28.0603 101.0210 13.6 1.08
2016 05 19 05 18 43.932 26.1093 99.5789 12.7 0.55
2016 05 19 05 26 18.732 26.1243 99.5268 0.1 0.35
2016 05 19 05 27 08.038 27.7920 100.9779 11.2 1.86
2016 05 19 05 31 01.922 26.1698 99.6194 21.8 0.4
2016 05 19 05 33 51.598 26.1091 99.5986 6.9 1.37
2016 05 19 05 40 17.335 26.1106 99.5679 6.9 0.74
2016 05 19 05 43 57.481 26.0340 99.9385 12.0 1.06
2016 05 19 05 45 41.985 28.0842 103.5476 8.8 1.21
2016 05 19 05 50 17.390 26.1024 99.5768 5.1 0.74
2016 05 19 05 52 03.705 26.1385 99.5708 20.9 0.44
2016 05 19 05 56 40.296 26.0913 99.5823 8.8 0.7
2016 05 19 06 02 04.414 26.0713 99.5679 2.1 0.33
2016 05 19 06 04 26.396 26.0827 99.6371 7.0 0.54
2016 05 19 06 08 51.303 26.1821 99.6502 21.4 0.51
2016 05 19 06 13 29.439 26.2847 99.7435 26.3 0.43
2016 05 19 06 37 47.480 26.1248 99.6064 19.7 0.58
2016 05 19 06 38 33.008 26.1209 99.5515 8.1 0.93
2016 05 19 06 43 29.093 25.8634 99.6781 0.0 0.55
2016 05 19 06 45 33.561 26.0830 99.5688 10.6 0.46
2016 05 19 06 46 52.578 23.1971 103.2327 2.4 1.85
2016 05 19 06 49 59.435 25.8697 100.4782 7.4 0.97
2016 05 19 06 51 01.653 26.0772 99.5832 4.9 1.15
2016 05 19 07 11 01.652 26.0762 99.5835 5.1 1.15
2016 05 19 07 12 46.751 26.1515 99.4723 9.0 0.34
2016 05 19 07 20 48.525 26.1265 99.5448 6.2 0.76
2016 05 19 07 21 00.194 26.0678 99.6490 6.5 0.33
2016 05 19 07 25 31.969 26.1134 99.5382 16.1 0.42
2016 05 19 07 52 00.400 26.0871 99.6036 5.4 0.77
2016 05 19 08 06 32.682 26.1528 99.4843 10.4 0.48
2016 05 19 08 08 10.323 26.0858 99.5675 9.2 1.23
2016 05 19 08 38 10.413 26.0823 99.5736 7.6 1.38
2016 05 19 09 34 44.095 25.6697 104.1672 46.0 3.05
2016 05 19 10 16 18.293 26.0996 99.5731 10.9 1.16
2016 05 19 10 58 29.198 26.1132 99.5787 5.2 1.55
2016 05 19 11 08 25.883 26.1316 99.5294 13.8 0.83
2016 05 19 11 08 31.325 26.4994 103.1773 18.9 1.82
2016 05 19 11 08 45.850 26.1246 99.5405 13.3 1.13
2016 05 19 11 17 09.478 26.1118 99.5798 3.7 2.02
2016 05 19 11 24 15.516 26.1067 99.5879 3.7 2.94
2016 05 19 11 29 50.273 26.0846 99.5606 0.0 1.46
2016 05 19 12 24 15.311 26.1084 99.5867 8.6 2.53
2016 05 19 12 25 59.253 24.3197 98.3550 0.0 1.41
2016 05 19 12 26 24.858 25.3254 100.6812 0.1 1.49
2016 05 19 13 13 03.339 26.1095 99.5660 8.4 0.86
2016 05 19 13 45 59.955 26.0817 99.5662 6.9 0.73
2016 05 19 14 04 06.397 26.1103 99.5606 10.4 0.88
2016 05 19 14 57 09.835 26.0988 99.5681 4.5 1.16
2016 05 19 14 58 22.208 26.0979 99.5797 10.6 1.45
2016 05 19 14 59 26.086 26.0920 99.5695 8.2 1.32
2016 05 19 15 35 38.914 23.0471 102.2930 20.0 2.41
2016 05 19 16 08 20.637 24.1907 99.9477 32.2 1.59
2016 05 19 16 08 48.731 26.1017 99.5844 5.4 1.64
2016 05 19 16 39 51.905 26.0927 99.5781 4.7 1.56
2016 05 19 17 03 24.753 26.0902 99.5814 0.0 1.05
2016 05 19 17 33 24.585 26.0901 99.5823 6.3 1.05
2016 05 19 17 35 00.688 26.0996 99.5877 8.1 1.61
2016 05 19 17 52 38.727 26.2780 100.3080 27.8 1.49
2016 05 19 18 21 11.263 26.4904 100.2790 37.5 1.24
2016 05 19 18 21 24.148 24.3280 98.2465 29.2 1.57
2016 05 19 18 22 36.959 26.0681 99.5743 5.5 1.2
2016 05 19 18 23 44.500 27.0551 100.8066 16.8 0.88
2016 05 19 18 27 12.799 26.3066 100.4252 30.7 1.59
2016 05 19 18 43 48.120 26.1055 99.5629 9.7 1.1
2016 05 19 18 48 09.944 25.5135 100.4603 7.6 0.98
2016 05 19 18 51 13.894 25.7051 100.2977 20.0 1.24
2016 05 19 19 01 00.194 26.1403 100.0798 30.4 1.43
2016 05 19 19 05 43.541 26.5307 103.1271 21.8 1.32
2016 05 19 19 17 05.220 26.0859 99.6025 7.2 1.35
2016 05 19 19 20 27.306 25.6366 100.2699 13.7 0.4
2016 05 19 19 24 56.871 25.0971 97.8637 25.1 1.21
2016 05 19 19 27 00.383 26.2460 104.2461 32.6 1.76
2016 05 19 19 46 51.074 25.7179 100.5705 21.4 0.14
2016 05 19 20 10 09.797 26.4858 103.1891 11.3 1.66
2016 05 19 20 26 59.659 26.1072 99.5476 11.1 0.99
2016 05 19 21 26 36.725 26.0942 99.5763 8.4 0.67
2016 05 19 22 11 58.496 27.1295 101.2281 46.3 1.29
2016 05 19 22 13 32.631 24.4674 98.8747 13.0 1.56
2016 05 19 22 16 23.864 26.1207 99.5784 11.9 0.76
2016 05 19 22 19 47.130 26.1153 99.5942 9.7 0.9
2016 05 19 23 09 10.806 25.9492 99.6314 12.8 0.8
2016 05 19 23 10 43.673 26.0780 99.5668 6.9 0.5
2016 05 19 23 48 28.531 26.0785 99.5689 11.5 0.6
2016 05 19 23 52 21.159 26.9059 100.3690 14.5 1.53
2016 05 19 23 53 54.334 26.0730 99.5759 6.0 0.96
2016 05 20 00 06 27.350 26.0902 99.5793 4.1 0.84
2016 05 20 00 09 22.748 26.0839 99.5879 8.7 1.34
2016 05 20 00 09 37.611 27.0551 101.7184 34.2 0.72
2016 05 20 00 58 34.673 25.1362 99.2953 17.5 1.77
2016 05 20 01 00 16.874 26.0771 99.5918 1.9 1.08
2016 05 20 01 00 16.895 26.2148 99.5471 44.3 1.23
2016 05 20 01 10 16.880 26.0799 99.5898 0.0 0.98
2016 05 20 01 12 21.402 26.1052 99.5830 8.3 0.75
2016 05 20 01 38 19.837 26.0949 99.5777 12.1 0.29
2016 05 20 01 45 03.467 24.1848 98.8526 12.7 1.58
2016 05 20 02 01 08.128 26.0701 99.5706 6.4 1.19
2016 05 20 02 31 14.628 26.0771 99.5639 10.5 0.36
2016 05 20 02 41 44.555 26.1094 99.5704 12.1 0.52
2016 05 20 02 42 26.757 26.1005 99.5762 7.4 0.79
2016 05 20 02 42 44.978 25.0479 97.8188 0.1 0.98
2016 05 20 02 42 58.659 26.0830 99.5847 13.1 0.67
2016 05 20 03 00 56.379 26.0816 99.5620 11.5 0.34
2016 05 20 03 07 58.930 26.1075 99.5765 8.7 0.25
2016 05 20 03 08 54.531 26.0743 99.5734 3.6 0.99
2016 05 20 03 09 38.019 26.1382 99.5243 11.9 0.42
2016 05 20 03 11 02.687 26.1114 99.5609 10.2 0.69
2016 05 20 03 21 36.461 26.0726 99.6079 11.0 0.58
2016 05 20 03 25 57.534 26.0927 99.5779 4.9 0.89
2016 05 20 03 32 02.660 26.0961 99.5835 8.7 0.79
2016 05 20 03 34 24.123 26.1894 99.6443 23.7 0.16
2016 05 20 03 52 32.290 26.0956 99.5777 6.2 0.63
2016 05 20 03 54 12.229 26.1352 99.4920 9.2 0.08
2016 05 20 04 10 30.213 26.0763 99.5688 10.8 0.55
2016 05 20 04 10 47.398 25.0859 100.0636 45.2 1.19
2016 05 20 04 11 36.750 26.1073 99.5672 9.2 0.37
2016 05 20 04 29 56.892 25.9455 100.6015 20.1 1.02
2016 05 20 04 31 00.253 26.1154 99.5813 12.8 0.53
2016 05 20 04 41 00.363 26.1150 99.5803 11.4 0.77
2016 05 20 04 42 28.275 24.9504 98.3309 8.9 0.04
2016 05 20 04 43 35.913 26.1187 99.5618 8.6 0.34
2016 05 20 04 59 18.516 26.0952 99.5769 10.2 0.51
2016 05 20 05 03 36.233 26.1102 99.5604 0.1 0.25
2016 05 20 05 05 34.036 26.1276 99.5342 9.0 0.77
2016 05 20 05 09 33.861 23.6707 107.1724 49.7 1.94
2016 05 20 05 10 36.192 26.1975 99.4539 1.6 0.36
2016 05 20 05 10 49.037 26.1089 99.5804 11.5 0.63
2016 05 20 05 25 11.226 26.1239 99.5768 10.8 0.6
2016 05 20 05 29 12.793 26.4040 100.0692 14.1 1.01
2016 05 20 05 30 30.590 26.1054 99.5725 11.3 0.98
2016 05 20 05 34 22.531 26.0931 99.5779 8.2 0.59
2016 05 20 05 38 15.421 26.1012 99.5883 6.3 0.96
2016 05 20 06 02 35.465 24.6535 97.9215 27.2 1.28
2016 05 20 06 08 51.812 26.2994 99.7332 24.6 0.43
2016 05 20 06 19 04.766 26.0508 99.6376 0.1 0.83
2016 05 20 06 19 28.152 26.0733 99.6362 0.1 0.81
2016 05 20 06 29 28.443 25.9601 99.6519 13.7 0.59
2016 05 20 06 31 34.564 26.1129 99.5799 11.7 1.29
2016 05 20 06 45 45.153 23.2856 103.1690 5.8 1.84
2016 05 20 07 09 00.193 26.8907 101.2557 42.8 0.91
2016 05 20 07 59 40.082 26.9253 99.0049 23.8 1.39
2016 05 20 08 08 48.963 26.1030 99.5765 10.1 1.05
2016 05 20 08 16 29.102 26.0872 99.5705 9.3 1.16
2016 05 20 08 27 37.082 26.0848 99.5774 10.4 0.96
2016 05 20 08 38 03.827 26.1346 99.5111 12.4 0.74
2016 05 20 08 39 24.481 26.1079 99.5617 7.0 1.13
2016 05 20 09 20 56.138 27.4431 100.2389 11.7 1.62
2016 05 20 09 21 55.562 27.0913 100.5978 34.9 1.27
2016 05 20 09 31 40.058 26.1188 99.5957 12.4 1.05
2016 05 20 09 51 32.506 26.0891 99.5792 9.1 1.8
2016 05 20 09 52 06.879 26.0939 99.5739 10.8 1.57
2016 05 20 10 06 29.771 22.3285 102.8741 27.7 2.03
2016 05 20 10 47 43.130 26.0905 99.5445 14.8 0.47
2016 05 20 10 49 21.531 24.7207 102.7270 32.5 1.51
2016 05 20 10 54 52.228 26.0962 99.5626 11.4 1.25
2016 05 20 10 56 26.371 26.0912 99.5691 10.9 1.63
2016 05 20 11 04 22.287 26.0765 99.5729 11.2 0.73
2016 05 20 11 08 02.700 26.0964 99.5715 11.5 1.39
2016 05 20 11 10 51.183 24.8615 99.1998 9.4 1.7
2016 05 20 11 24 22.300 26.0757 99.5747 11.0 0.75
2016 05 20 11 40 51.387 24.8386 99.1952 8.1 1.65
2016 05 20 11 46 35.932 26.0932 99.5782 12.6 0.75
2016 05 20 11 47 02.916 25.3517 100.5877 0.0 1.44
2016 05 20 12 02 16.483 23.2850 103.0636 29.8 1.48
2016 05 20 12 06 25.058 25.4942 99.9735 32.8 1.69
2016 05 20 12 07 43.593 26.6024 101.7640 13.2 1.65
2016 05 20 12 11 51.961 26.6111 101.7633 12.8 1.45
2016 05 20 12 13 33.601 26.1149 99.5806 11.2 1.08
2016 05 20 12 18 53.474 26.1460 99.5154 15.8 0.11
2016 05 20 12 20 15.167 26.0755 99.5726 3.3 2.17
2016 05 20 12 20 36.173 26.0784 99.5733 9.7 1.51
2016 05 20 12 21 43.708 26.0762 99.5873 8.4 0.43
2016 05 20 12 25 57.238 26.0911 99.5615 12.3 0.54
2016 05 20 12 26 51.222 24.4710 100.1334 11.3 1.33
2016 05 20 12 38 12.614 24.8387 99.1973 4.0 1.8
2016 05 20 12 41 16.671 26.1078 99.5768 8.6 1.03
2016 05 20 12 45 57.334 26.0810 99.5776 10.0 0.53
2016 05 20 12 47 43.269 26.1798 99.5104 13.8 0.84
2016 05 20 12 47 44.740 26.7209 104.5568 30.3 1.1
2016 05 20 12 59 43.615 26.5309 98.8247 0.1 2.02
2016 05 20 13 01 04.580 26.0943 99.5566 12.8 0.32
2016 05 20 13 04 01.980 26.1047 99.5770 13.0 0.78
2016 05 20 13 07 00.743 26.1039 99.5783 11.9 0.29
2016 05 20 14 07 34.630 23.4004 98.9626 8.3 2.58
2016 05 20 14 36 10.843 26.0905 99.5770 11.5 2.03
2016 05 20 15 36 23.669 27.2761 103.2945 13.7 2.42
2016 05 20 16 09 27.821 26.1318 99.5623 12.7 0.68
2016 05 20 16 26 23.831 27.2839 103.3105 0.0 2.2
2016 05 20 16 46 31.317 26.1008 99.5901 9.9 0.62
2016 05 20 16 53 21.095 26.0974 99.5813 12.1 1.18
2016 05 20 17 02 31.406 26.0854 99.5970 10.0 0.56
2016 05 20 17 49 47.259 26.1165 99.5831 9.9 2.03
2016 05 20 17 52 23.113 26.1099 99.5914 9.3 0.82
2016 05 20 18 02 23.072 26.1153 99.5860 10.1 0.94
2016 05 20 18 02 58.356 24.5229 101.6859 11.2 1.55
2016 05 20 18 04 30.717 23.4891 100.9206 36.8 0.56
2016 05 20 18 09 03.681 26.0749 99.6095 7.6 0.38
2016 05 20 19 03 18.498 26.0996 99.5683 12.0 1.01
2016 05 20 19 05 51.168 26.0951 99.5632 11.8 0.84
2016 05 20 19 12 47.390 26.1159 99.5824 8.7 1.39
2016 05 20 19 14 31.582 26.0351 99.6532 0.0 0.46
2016 05 20 19 22 13.850 23.4337 104.3596 1.9 1.65
2016 05 20 19 33 49.478 23.8366 104.0110 2.4 1.89
2016 05 20 19 34 05.318 26.1054 99.5662 8.1 1.58
2016 05 20 19 53 55.385 24.2780 98.3616 11.4 1.74
2016 05 20 19 56 38.412 26.4874 102.9888 13.9 1.91
2016 05 20 20 13 24.627 25.9241 100.5502 17.5 1.33
2016 05 20 20 25 55.080 23.1730 103.0449 14.1 1.61
2016 05 20 20 38 32.155 27.2497 101.6956 11.7 1.37
2016 05 20 20 40 38.685 26.3977 100.8860 4.9 1.14
2016 05 20 20 41 21.033 25.8765 100.6823 6.4 1.44
2016 05 20 21 21 25.928 27.0780 100.1769 15.9 1.3
2016 05 20 21 23 20.043 24.9858 97.7800 7.3 1.59
2016 05 20 21 27 02.380 26.9896 103.3512 39.8 1.67
2016 05 20 21 48 38.443 22.2056 101.7545 22.5 1.51
2016 05 20 21 50 33.406 26.0580 100.4036 32.1 1.53
2016 05 20 21 51 55.387 26.1081 99.5741 4.6 0.46
2016 05 20 21 56 23.997 26.1072 99.5998 10.7 0.68
2016 05 20 22 11 51.318 26.1044 99.5719 10.1 1.17
2016 05 20 22 21 51.318 26.1055 99.5712 9.9 1.13
2016 05 20 22 23 24.384 26.1030 99.5731 8.4 1.09
2016 05 20 23 12 53.482 26.0996 99.5770 9.2 0.85
2016 05 20 23 35 08.035 27.5711 100.7308 9.1 1.55
2016 05 20 23 36 50.859 26.0898 99.5685 10.4 1.03
2016 05 20 23 40 05.104 26.1249 100.0146 7.1 1.25
2016 05 20 23 46 50.955 26.0877 99.5714 9.3 1.18
2016 05 20 23 53 23.253 26.0898 99.5732 10.3 0.71
2016 05 21 00 18 39.190 26.1886 99.5871 21.0 0.55
2016 05 21 00 19 57.403 25.9062 100.4218 18.4 1.0
2016 05 21 00 44 19.988 26.1402 99.5382 6.3 1.18
2016 05 21 00 58 48.051 26.0767 99.5687 11.8 0.35
2016 05 21 01 08 48.389 26.0797 99.5659 6.9 0.46
2016 05 21 01 10 06.529 26.0884 99.5722 8.3 1.73
2016 05 21 01 11 37.821 26.0777 99.5901 7.0 0.27
2016 05 21 01 12 12.698 26.1444 99.5350 7.8 0.81
2016 05 21 01 16 48.909 26.0934 99.5736 8.3 0.7
2016 05 21 01 34 58.981 25.8839 100.5082 9.6 1.03
2016 05 21 01 43 00.335 26.0906 99.5701 7.1 0.53
2016 05 21 01 55 04.980 31.7281 103.3144 43.4 4.31
2016 05 21 01 55 28.057 26.1418 99.5390 6.3 0.88
2016 05 21 02 20 45.388 25.8258 99.8654 25.6 0.63
2016 05 21 02 22 29.066 25.0442 98.5992 2.4 0.08
2016 05 21 02 22 26.888 26.6172 101.7477 11.4 2.14
2016 05 21 02 56 56.120 26.1401 99.5350 2.9 2.8
2016 05 21 02 57 34.905 26.1492 99.5342 10.3 1.59
2016 05 21 02 59 06.923 26.1394 99.5428 6.5 1.03
2016 05 21 03 02 44.013 26.1424 99.5405 7.3 1.1
2016 05 21 03 03 33.878 26.1824 99.6456 23.0 0.93
2016 05 21 03 07 14.373 25.0349 100.7923 47.9 2.05
2016 05 21 03 07 11.069 26.9275 98.9935 35.2 2.34
2016 05 21 03 08 56.848 26.1420 99.5428 7.2 1.01
2016 05 21 03 10 09.209 26.1401 99.5336 0.0 0.9
2016 05 21 03 31 47.803 26.1152 99.5826 9.8 1.08
2016 05 21 03 33 17.781 26.1145 99.5825 9.1 0.51
2016 05 21 03 44 36.158 26.0958 99.5748 10.0 0.55
2016 05 21 03 44 55.309 29.7159 103.2243 2.5 2.26
2016 05 21 03 50 45.840 26.1406 99.5372 5.2 1.13
2016 05 21 04 01 56.328 26.1390 99.5362 5.3 2.05
2016 05 21 04 03 45.599 26.1438 99.5361 7.9 0.79
2016 05 21 04 05 56.739 26.1671 99.5549 17.2 1.18
2016 05 21 04 05 59.825 26.1799 100.5571 7.5 1.37
2016 05 21 04 11 56.210 26.1207 99.5438 12.8 1.94
2016 05 21 04 13 38.422 26.1444 99.5345 7.7 0.75
2016 05 21 04 14 28.418 26.1021 99.5778 7.8 0.63
2016 05 21 04 18 00.266 26.1744 99.6303 20.1 0.66
2016 05 21 04 19 49.062 25.2769 100.6378 8.5 1.45
2016 05 21 04 20 46.184 26.1394 99.5310 1.4 0.79
2016 05 21 04 21 05.932 26.1060 99.5773 7.3 1.35
2016 05 21 04 22 44.550 26.0835 99.5874 8.3 1.16
2016 05 21 04 32 19.247 26.1166 99.5854 10.1 0.29
2016 05 21 04 41 11.002 26.1312 99.5367 1.0 2.3
2016 05 21 04 42 16.648 26.2085 99.7538 20.1 0.61
2016 05 21 04 44 49.229 26.1421 99.5311 3.4 0.4
2016 05 21 04 51 42.541 26.1142 99.5957 9.4 0.76
2016 05 21 04 56 17.094 25.8409 99.8276 13.7 0.5
2016 05 21 05 04 11.064 26.0828 99.5693 0.0 0.31
2016 05 21 05 04 53.716 26.1043 99.5771 7.7 0.6
2016 05 21 05 06 14.353 26.1418 99.5564 6.4 0.59
2016 05 21 05 17 30.820 26.1167 99.5822 8.7 0.56
2016 05 21 05 19 59.437 25.8525 100.4591 6.2 0.91
2016 05 21 05 20 27.010 23.3638 104.3327 7.4 0.66
2016 05 21 05 23 49.267 26.1183 99.5826 7.9 0.71
2016 05 21 05 29 59.127 24.9303 99.1190 25.0 1.81
2016 05 21 05 30 25.660 24.9278 99.1270 25.0 1.68
2016 05 21 05 42 59.396 27.7259 99.9239 34.8 1.29
2016 05 21 05 44 28.195 26.1034 99.5782 8.9 0.74
2016 05 21 05 44 59.565 25.8386 100.6066 0.8 0.7
2016 05 21 05 46 28.285 26.1013 99.5831 0.0 0.64
2016 05 21 05 49 04.366 26.1892 100.7179 3.1 1.37
2016 05 21 05 50 59.901 26.0881 99.5839 9.6 0.58
2016 05 21 05 51 44.498 26.1176 99.5884 9.6 0.73
2016 05 21 06 00 57.650 26.0851 99.5872 11.2 0.96
2016 05 21 06 10 20.395 24.7115 98.4126 8.1 0.86
2016 05 21 07 02 25.527 26.1278 99.6337 8.3 0.95
2016 05 21 07 04 30.054 26.0913 99.5771 8.9 1.42
2016 05 21 07 12 25.750 26.1203 99.6272 0.0 0.98
2016 05 21 07 18 04.282 23.0549 103.3710 4.9 1.82
2016 05 21 07 29 34.050 26.0913 99.5816 10.8 1.08
2016 05 21 07 35 45.957 26.1152 99.5857 7.7 0.9
2016 05 21 07 41 52.543 26.1771 99.4974 10.0 0.39
2016 05 21 07 45 59.558 26.1285 99.5399 7.1 0.89
2016 05 21 08 25 49.542 26.1145 99.5794 5.3 1.09
2016 05 21 08 32 22.057 26.0863 99.5826 11.0 0.78
2016 05 21 08 33 27.946 26.1173 99.5731 3.4 0.88
2016 05 21 08 37 02.041 26.1173 99.5820 5.8 0.82
2016 05 21 09 18 09.428 26.0985 99.5907 10.6 0.92
2016 05 21 09 46 18.226 26.1101 99.5619 10.5 1.52
2016 05 21 09 57 00.722 26.1018 99.5629 14.0 0.79
2016 05 21 10 16 06.562 26.0952 99.5752 10.9 1.3
2016 05 21 10 23 27.925 26.1131 99.5736 0.1 0.87
2016 05 21 10 25 46.397 26.1288 99.5547 12.5 0.53
2016 05 21 10 53 27.834 26.0922 99.6252 0.0 0.85
2016 05 21 10 54 09.766 25.8753 99.1090 49.5 1.4
2016 05 21 11 01 05.823 23.1990 100.3230 47.3 1.53
2016 05 21 11 02 56.053 26.1020 99.5869 11.1 0.64
2016 05 21 11 40 06.464 23.5104 103.1259 44.6 1.18
2016 05 21 11 42 28.695 25.0927 98.5268 1.1 0.74
2016 05 21 12 14 49.336 29.2794 104.8968 11.1 1.58
2016 05 21 12 16 46.417 25.1452 99.3546 0.1 1.3
2016 05 21 12 19 26.706 24.2454 98.4316 15.0 1.41
2016 05 21 12 21 11.841 26.0930 99.5830 10.8 1.09
2016 05 21 12 25 34.044 26.0920 99.5801 12.9 0.87
2016 05 21 12 39 30.669 27.1118 103.4053 15.4 2.29
2016 05 21 13 00 19.369 25.4533 100.4002 36.8 0.45
2016 05 21 13 06 25.567 28.2451 104.7746 23.5 2.04
2016 05 21 13 13 39.376 26.0970 99.5730 10.5 1.41
2016 05 21 13 24 23.795 26.1048 99.5799 11.9 1.92
2016 05 21 13 33 44.562 26.1054 99.5780 11.6 1.13
2016 05 21 13 39 27.313 26.6266 100.8179 15.8 1.37
2016 05 21 13 43 46.121 26.1160 99.5803 7.7 1.32
2016 05 21 13 46 15.056 26.0810 99.6418 7.3 0.91
2016 05 21 14 10 53.889 26.5102 103.2428 12.8 2.18
2016 05 21 14 13 02.133 27.3051 101.4606 41.5 1.92
2016 05 21 15 03 57.131 26.0761 99.5185 7.5 1.14
2016 05 21 15 16 20.398 25.5964 100.3747 13.1 1.36
2016 05 21 15 30 48.257 26.0834 99.5868 6.8 2.27
2016 05 21 15 31 11.721 26.0823 99.5831 0.0 1.78
2016 05 21 15 35 11.302 26.0957 99.5757 6.6 1.62
2016 05 21 15 45 11.198 26.1803 99.8579 16.1 1.72
2016 05 21 15 46 33.662 26.0917 99.5800 12.6 0.59
2016 05 21 16 20 48.353 26.0525 99.5750 9.0 2.12
2016 05 21 16 21 11.574 26.0798 99.5846 4.2 1.83
2016 05 21 16 21 39.241 26.7197 103.1542 3.3 0.9
2016 05 21 16 26 05.846 26.2588 99.5277 9.4 0.31
2016 05 21 16 36 01.855 25.4452 100.7222 17.3 1.54
2016 05 21 16 50 48.066 26.0836 99.5886 9.9 2.17
2016 05 21 16 52 23.894 26.0792 99.5648 12.3 0.81
2016 05 21 17 01 33.437 26.4722 101.4265 27.8 1.0
2016 05 21 17 12 02.895 26.1046 99.5753 10.1 1.46
2016 05 21 17 50 12.036 26.1125 99.5461 11.5 0.88
2016 05 21 17 51 36.515 24.0579 102.5941 14.6 0.89
2016 05 21 17 54 39.534 26.0821 99.5833 9.7 0.05
2016 05 21 17 59 26.119 26.3490 99.4768 23.0 0.89
2016 05 21 18 01 22.773 26.0561 99.6170 8.2 0.3
2016 05 21 18 01 30.653 26.0953 99.5879 9.5 0.58
2016 05 21 18 12 11.534 26.2123 99.4414 9.2 0.25
2016 05 21 18 13 55.971 23.0629 107.4469 26.3 2.4
2016 05 21 18 15 25.762 26.0980 99.5751 8.2 1.44
2016 05 21 18 18 06.362 26.0780 99.5817 9.3 0.3
2016 05 21 18 20 09.619 26.1009 99.5742 14.1 0.46
2016 05 21 18 20 05.005 24.1306 101.6396 3.1 1.74
2016 05 21 18 28 47.889 26.0892 99.5844 12.5 0.68
2016 05 21 18 31 56.648 25.9888 99.6643 16.9 1.15
2016 05 21 18 36 11.545 24.2803 98.3649 10.9 1.56
2016 05 21 18 40 00.901 23.1441 104.0664 0.3 0.99
2016 05 21 18 42 41.529 26.1009 99.5895 10.6 1.03
2016 05 21 18 43 48.622 26.1030 99.5838 11.3 0.39
2016 05 21 18 43 45.050 23.4651 105.7067 7.7 1.27
2016 05 21 18 51 06.306 26.1007 99.5891 10.6 0.65
2016 05 21 18 52 01.846 26.1208 99.5591 14.4 0.05
2016 05 21 18 54 33.579 24.1067 98.4867 23.7 1.87
2016 05 21 18 54 55.167 25.8085 98.9395 32.6 1.48
2016 05 21 18 55 34.094 27.0768 103.3198 35.0 1.68
2016 05 21 18 57 46.060 26.1284 99.5418 9.8 1.75
2016 05 21 18 59 50.082 24.1865 101.7539 5.7 1.49
2016 05 21 19 01 19.316 26.0954 99.5937 10.2 0.17
2016 05 21 19 01 37.966 23.5679 104.5085 16.0 1.84
2016 05 21 19 12 08.420 26.0875 99.5854 10.8 1.02
2016 05 21 19 13 50.700 26.1372 99.5319 10.9 0.85
2016 05 21 19 26 36.803 26.1228 99.5821 10.0 0.81
2016 05 21 19 35 34.995 26.1286 99.5401 10.8 2.21
2016 05 21 19 36 54.625 26.0846 99.5534 13.9 0.06
2016 05 21 19 42 09.640 26.1864 99.4767 7.1 0.52
2016 05 21 19 42 50.774 26.1044 99.5800 12.2 0.8
2016 05 21 19 51 11.156 26.0878 99.5840 12.0 0.49
2016 05 21 19 53 19.209 26.1683 99.4836 17.2 0.25
2016 05 21 20 02 05.020 22.2084 99.4412 0.0 2.14
2016 05 21 20 12 05.208 22.2114 99.4497 0.0 2.04
2016 05 21 20 13 53.602 26.0845 99.5856 8.3 1.27
2016 05 21 20 22 07.571 22.2416 99.5879 3.6 1.95
2016 05 21 20 24 07.838 26.0970 99.5704 11.3 0.81
2016 05 21 20 46 23.439 26.0871 99.5883 10.8 2.82
2016 05 21 20 48 01.791 24.9339 98.7259 12.0 0.95
2016 05 21 20 50 48.478 26.1648 99.5030 12.5 -0.06
2016 05 21 20 53 42.133 26.1911 99.4689 7.3 0.62
2016 05 21 21 00 37.518 26.1018 99.6091 7.3 0.39
2016 05 21 21 10 36.452 26.0905 99.5820 12.2 0.56
2016 05 21 21 12 41.670 26.0896 99.5909 8.2 1.46
2016 05 21 21 24 55.367 27.3432 103.5838 12.9 1.83
2016 05 21 21 29 42.940 26.1016 99.5890 10.4 0.73
2016 05 21 21 36 25.362 26.0905 99.5779 13.5 0.51
2016 05 21 21 41 54.308 26.1004 99.5874 11.0 0.42
2016 05 21 21 46 42.299 26.1086 99.5806 12.3 0.75
2016 05 21 21 53 11.292 26.0884 99.5934 9.9 0.15
2016 05 21 21 59 54.511 25.7556 100.2556 28.2 1.25
2016 05 21 22 01 13.892 26.0966 99.5756 9.1 0.71
2016 05 21 22 02 09.168 26.0876 99.5916 11.7 0.42
2016 05 21 22 20 01.585 26.1001 99.5877 10.5 0.55
2016 05 21 22 22 32.894 26.0825 99.5597 13.2 0.14
2016 05 21 22 25 54.157 28.1584 104.9009 11.1 1.47
2016 05 21 22 34 59.431 25.8710 100.5478 7.6 0.86
2016 05 21 22 36 34.554 27.0278 103.3564 44.5 1.45
2016 05 21 22 45 51.802 26.1009 99.5781 11.2 0.47
2016 05 21 22 46 52.432 26.0890 99.5865 10.9 0.56
2016 05 21 22 55 02.105 26.1025 99.5792 10.1 0.59
2016 05 21 23 05 02.092 26.1036 99.5782 10.2 0.59
2016 05 21 23 06 54.792 25.2782 98.1163 13.7 1.47
2016 05 21 23 09 42.320 26.1233 99.5412 13.3 0.19
2016 05 21 23 10 42.019 23.5072 99.4733 39.6 1.05
2016 05 21 23 12 04.969 26.0955 99.5764 10.0 0.67
2016 05 21 23 20 12.577 26.1833 100.6383 17.7 0.86
2016 05 21 23 21 17.638 26.1543 99.5063 15.1 -0.21
2016 05 21 23 25 14.616 22.4426 102.4577 8.9 1.51
2016 05 21 23 27 00.835 26.1994 99.4563 10.8 0.38
2016 05 21 23 36 06.844 26.0901 99.5866 11.7 0.81
2016 05 21 23 37 26.932 26.1905 99.4642 11.0 0.36
2016 05 21 23 38 45.047 26.1292 99.5305 16.1 -0.36
2016 05 21 23 45 03.277 26.0821 99.5976 9.8 0.26
2016 05 21 23 50 02.151 26.1104 99.5729 10.7 1.06
2016 05 21 23 52 04.230 26.0955 99.5742 10.7 1.32
2016 05 22 00 02 04.142 24.1247 104.5256 29.9 1.99
2016 05 22 00 41 34.994 26.0444 100.5286 20.2 1.2
2016 05 22 00 43 06.499 26.0985 99.5715 12.3 0.3
2016 05 22 00 53 46.299 26.0954 99.5713 12.1 0.59
2016 05 22 00 54 30.731 26.1041 99.5844 10.3 0.09
2016 05 22 00 55 01.772 25.7416 100.4626 1.6 0.6
2016 05 22 01 10 24.228 26.1141 99.5756 10.6 0.58
2016 05 22 01 20 00.061 26.1446 99.5339 8.8 0.27
2016 05 22 01 19 58.967 25.8785 100.5518 9.1 0.85
2016 05 22 01 31 28.568 26.1898 99.9724 8.6 1.61
2016 05 22 01 42 44.695 26.1120 99.5670 11.6 0.56
2016 05 22 01 44 59.048 25.8765 100.5675 8.2 0.95
2016 05 22 01 45 23.771 26.0910 99.5707 10.7 0.3
2016 05 22 01 47 03.080 26.1163 99.5978 10.6 0.73
2016 05 22 01 54 02.069 26.2108 100.6013 11.8 1.3
2016 05 22 02 00 20.301 26.1662 100.5626 15.0 0.86
2016 05 22 02 11 41.466 23.4453 103.1602 4.2 1.2
2016 05 22 02 12 39.645 26.1111 99.5692 10.9 0.18
2016 05 22 02 16 10.634 26.0947 99.5758 10.8 0.52
2016 05 22 02 17 26.791 26.0978 99.5728 11.7 0.43
2016 05 22 02 18 10.157 27.0472 103.4062 16.7 1.14
2016 05 22 02 18 34.544 27.1834 101.5930 23.7 0.99
2016 05 22 02 20 51.851 26.1911 99.4730 11.8 0.33
2016 05 22 02 21 48.312 26.0964 99.5810 11.9 -0.43
2016 05 22 02 25 37.802 26.1033 99.5886 10.3 0.73
2016 05 22 02 28 31.908 27.6636 100.9824 34.7 0.97
2016 05 22 02 30 37.177 26.0950 99.5876 8.8 0.12
2016 05 22 02 38 32.014 27.6569 100.9953 33.4 0.65
2016 05 22 02 48 28.350 26.0976 99.5753 9.4 0.11
2016 05 22 02 48 40.669 25.2076 101.7572 14.2 1.27
2016 05 22 02 59 41.187 26.1021 99.5788 12.5 0.1
2016 05 22 03 01 00.667 26.0972 99.5853 9.4 -0.09
2016 05 22 03 02 05.082 26.0887 99.5916 10.5 -0.26
2016 05 22 03 08 53.936 26.0867 99.5873 11.2 0.76
2016 05 22 03 19 41.801 23.2616 103.1886 6.0 1.42
2016 05 22 03 21 55.064 26.0956 99.5775 8.5 0.35
2016 05 22 03 55 24.627 26.0939 99.5858 11.0 0.91
2016 05 22 03 56 37.099 26.0893 99.5858 11.1 1.3
2016 05 22 03 57 28.839 26.2086 99.8569 13.7 0.24
2016 05 22 03 58 28.146 23.7633 102.8660 14.2 1.06
2016 05 22 04 11 07.408 26.0849 99.5841 11.4 0.94
2016 05 22 04 12 01.698 26.1055 99.5792 11.4 0.31
2016 05 22 04 24 21.364 26.0969 99.5726 7.8 1.41
2016 05 22 04 39 58.186 26.0645 99.5708 12.0 0.33
2016 05 22 04 40 10.613 26.0962 99.5744 9.7 0.74
2016 05 22 04 41 19.819 26.0859 99.5892 11.3 0.05
2016 05 22 04 49 51.700 26.1082 99.5717 10.6 0.7
2016 05 22 05 15 21.945 26.1051 99.5846 10.0 0.64
2016 05 22 05 23 11.301 26.6975 101.8731 35.1 1.19
2016 05 22 05 24 04.639 26.0903 99.5895 10.9 0.41
2016 05 22 05 24 11.398 26.0948 99.5805 9.1 0.43
2016 05 22 05 24 28.833 26.8204 100.6534 17.5 1.13
2016 05 22 05 26 21.807 26.0879 99.5836 11.6 0.55
2016 05 22 05 34 04.693 26.0909 99.5886 10.4 0.41
2016 05 22 05 34 11.176 26.0954 99.5789 10.9 0.42
2016 05 22 05 35 59.147 26.0793 99.5729 11.8 0.68
2016 05 22 05 38 21.250 26.0884 99.5876 11.1 0.48
2016 05 22 05 54 04.672 26.0898 99.5880 10.6 0.41
2016 05 22 05 54 11.174 26.0945 99.5786 11.0 0.42
2016 05 22 05 55 41.715 26.0812 99.5727 11.9 0.59
2016 05 22 05 56 37.072 26.0864 99.5681 10.9 0.69
2016 05 22 06 06 18.737 26.0819 99.5632 12.1 0.61
2016 05 22 06 23 36.552 26.0922 99.5758 11.2 0.58
2016 05 22 06 29 14.880 26.0867 99.5832 10.3 1.19
2016 05 22 06 30 45.140 26.1905 99.4612 13.2 0.14
2016 05 22 06 39 14.856 26.0877 99.5827 10.5 1.18
2016 05 22 06 41 13.696 26.0914 99.5911 8.3 0.64
2016 05 22 06 42 39.008 26.0794 99.5669 12.6 0.5
2016 05 22 06 47 02.006 26.0944 99.5748 10.6 1.12
2016 05 22 06 48 40.633 26.1272 99.5413 11.0 0.9
2016 05 22 06 50 50.119 26.0882 99.5546 11.2 -0.17
2016 05 22 06 59 47.999 26.3102 103.0203 20.8 1.02
2016 05 22 07 14 55.086 26.1850 99.4397 14.1 0.04
2016 05 22 07 33 40.904 26.0998 99.5952 8.2 0.23
2016 05 22 07 40 05.009 25.6453 100.4964 25.3 nan
2016 05 22 07 41 31.426 26.0756 99.6088 7.5 0.08
2016 05 22 07 43 19.212 26.1157 99.5756 11.3 1.11
2016 05 22 07 44 42.920 26.1173 99.5519 12.6 0.74
2016 05 22 07 46 22.380 27.1100 103.2515 30.5 1.2
2016 05 22 08 11 05.009 26.0750 99.5711 11.0 0.87
2016 05 22 08 11 37.366 26.0646 99.5835 9.6 0.61
2016 05 22 08 20 52.184 26.0849 99.5738 10.4 0.36
2016 05 22 08 25 07.651 26.1927 99.4688 12.3 0.45
2016 05 22 08 40 56.687 26.0915 99.5729 10.6 0.82
2016 05 22 08 44 19.375 26.0889 99.5820 10.4 0.48
2016 05 22 08 48 05.711 26.1175 99.5621 13.5 0.81
2016 05 22 09 12 18.275 26.1242 99.5663 11.6 0.8
2016 05 22 09 13 05.576 26.1102 99.5709 12.2 1.07
2016 05 22 09 22 18.178 26.1252 99.5623 12.5 0.8
2016 05 22 09 23 46.781 26.1115 99.5730 11.1 1.44
2016 05 22 09 24 55.003 26.0705 99.6038 9.7 0.23
2016 05 22 09 25 30.438 26.0825 99.5750 12.1 0.2
2016 05 22 10 08 16.772 26.1067 99.5754 10.9 0.9
2016 05 22 10 28 37.291 29.8127 103.4082 0.3 2.06
2016 05 22 10 46 39.021 26.0999 99.5683 10.6 0.86
2016 05 22 12 04 17.720 26.1072 99.5839 11.7 1.16
2016 05 22 12 07 07.631 26.3186 99.6383 29.1 1.36
2016 05 22 12 16 42.372 26.1039 99.5790 10.9 0.82
2016 05 22 12 46 58.943 26.1071 99.5770 11.2 0.85
2016 05 22 13 05 02.402 26.8878 103.0785 4.9 1.72
2016 05 22 14 18 07.371 26.1192 99.5847 9.3 1.39
2016 05 22 14 35 28.650 26.1396 99.5395 8.0 1.82
2016 05 22 14 38 35.986 26.1432 99.5342 8.7 1.22
2016 05 22 14 58 35.826 26.1105 99.5461 16.0 0.87
2016 05 22 15 00 48.090 26.0959 99.5831 10.2 1.25
2016 05 22 15 10 48.381 26.0813 99.5860 8.1 1.07
2016 05 22 15 11 54.883 25.5182 99.9838 28.5 1.43
2016 05 22 15 12 58.531 26.0817 99.6034 7.3 0.77
2016 05 22 15 14 43.495 26.1421 99.5588 10.3 1.0
2016 05 22 15 19 15.723 26.1181 99.5841 9.2 1.75
2016 05 22 15 20 18.249 26.1169 99.5731 9.7 0.98
2016 05 22 15 21 14.669 26.1418 99.5363 8.5 1.23
2016 05 22 15 47 27.178 26.1015 99.5736 9.9 1.56
2016 05 22 15 55 16.890 26.1137 99.5809 10.2 1.09
2016 05 22 15 57 39.347 26.0891 99.5732 11.3 0.8
2016 05 22 15 58 01.507 26.1137 99.5801 10.1 1.12
2016 05 22 15 59 52.167 26.1107 99.5838 9.0 1.35
2016 05 22 16 03 51.295 26.0855 99.5975 6.9 0.51
2016 05 22 16 34 07.300 26.0938 99.5789 11.5 0.79
2016 05 22 16 36 32.438 26.1112 99.5813 9.2 1.36
2016 05 22 17 16 13.839 26.1916 102.9298 5.3 1.4
2016 05 22 17 23 23.611 26.0926 99.5837 11.1 0.85
2016 05 22 17 24 48.331 26.9478 104.6876 31.5 1.19
2016 05 22 17 28 00.553 26.0946 99.5816 10.7 1.5
2016 05 22 17 33 25.940 24.8664 98.8279 16.1 1.26
2016 05 22 17 58 53.670 26.0970 99.5734 9.3 0.72
2016 05 22 18 13 43.062 23.2670 104.1086 30.8 1.87
2016 05 22 18 16 20.206 26.0960 99.5739 9.4 1.04
2016 05 22 18 17 11.845 26.0724 99.5486 13.2 0.52
2016 05 22 18 24 17.491 26.0647 99.5580 9.4 2.12
2016 05 22 18 24 35.472 26.0683 99.5551 12.3 1.54
2016 05 22 18 27 20.227 26.0643 99.5540 11.8 1.0
2016 05 22 18 57 03.985 24.1292 98.6110 7.6 1.31
2016 05 22 19 12 19.814 24.2082 98.4311 26.6 1.26
2016 05 22 19 12 44.301 26.0991 99.5827 7.3 1.3
2016 05 22 19 13 35.790 26.3534 99.4140 21.8 0.9
2016 05 22 21 39 12.189 26.0890 99.5699 11.7 1.0
2016 05 22 23 01 08.567 26.0772 99.5990 6.2 0.0
2016 05 22 23 02 31.967 26.1204 99.5844 9.4 1.01
2016 05 22 23 03 34.354 26.1097 99.5718 11.0 0.8
2016 05 22 23 47 51.643 26.1682 100.5744 16.9 0.84
2016 05 22 23 48 35.120 26.0879 99.5841 10.8 0.7
2016 05 22 23 50 39.661 26.1402 99.5425 7.7 0.78
2016 05 23 00 24 13.650 27.2152 103.1067 16.3 2.5
2016 05 23 00 50 55.448 26.0840 99.5638 10.3 0.81
2016 05 23 01 24 30.769 26.4337 101.0488 40.6 0.68
2016 05 23 01 25 54.242 26.0980 99.5788 10.0 0.54
2016 05 23 01 27 23.611 26.1009 99.5789 10.8 0.6
2016 05 23 01 30 08.654 26.0880 99.5766 9.9 -0.02
2016 05 23 01 38 49.973 26.0866 99.5843 12.5 0.22
2016 05 23 01 39 49.922 26.0873 99.5877 11.8 0.71
2016 05 23 01 44 30.821 25.2113 100.7553 48.2 1.59
2016 05 23 01 46 09.455 26.0862 99.5866 12.6 0.6
2016 05 23 01 50 35.523 26.1133 99.5826 10.6 -0.03
2016 05 23 01 51 38.981 26.0866 99.5879 11.9 0.78
2016 05 23 02 01 38.998 26.0872 99.5876 11.8 0.81
2016 05 23 02 03 19.275 27.2800 102.8807 13.6 1.87
2016 05 23 02 21 45.282 25.2481 98.4646 14.1 1.38
2016 05 23 02 38 04.538 26.0802 99.5663 9.2 1.76
2016 05 23 03 24 18.442 26.0758 99.6021 9.9 0.28
2016 05 23 03 26 17.823 24.9893 98.5832 7.0 1.42
2016 05 23 03 56 30.522 26.0880 99.5860 10.4 1.05
2016 05 23 04 01 20.103 26.0853 99.5799 13.0 0.09
2016 05 23 04 02 31.397 26.1029 99.5765 11.1 0.46
2016 05 23 04 02 53.594 26.3557 100.7194 13.4 0.88
2016 05 23 04 23 35.228 25.1697 98.6529 14.6 0.35
2016 05 23 04 26 42.719 26.0944 99.5749 8.3 0.18
2016 05 23 04 27 37.915 26.0764 99.5662 10.0 0.65
2016 05 23 04 43 34.930 25.2329 98.6216 9.0 0.34
2016 05 23 04 45 39.290 26.0747 99.5716 10.6 0.69
2016 05 23 04 51 54.808 26.0723 99.5730 10.7 0.7
2016 05 23 05 18 33.470 26.0739 99.5724 10.8 0.6
2016 05 23 06 18 07.386 26.1156 99.5954 10.7 0.59
2016 05 23 06 59 59.262 25.9616 100.5764 26.6 1.46
2016 05 23 07 01 22.742 26.0897 99.5700 11.4 0.91
2016 05 23 07 18 07.376 26.1167 99.5951 10.8 0.6
2016 05 23 07 19 35.710 20.4494 99.4564 1.6 4.03
2016 05 23 08 00 48.093 26.0717 99.5819 7.4 0.66
2016 05 23 08 13 59.853 26.0912 99.5688 8.5 0.76
2016 05 23 08 17 22.289 26.0831 99.5925 11.5 0.06
2016 05 23 08 18 44.429 26.0861 99.5687 11.4 0.76
2016 05 23 08 19 32.572 24.9585 98.6190 0.0 1.17
2016 05 23 08 39 32.459 24.9986 98.5868 9.7 1.15
2016 05 23 08 40 52.015 26.1096 99.5751 10.6 1.31
2016 05 23 08 43 58.861 26.0792 99.5695 10.0 0.76
2016 05 23 08 58 44.220 26.0919 99.5590 13.5 0.76
2016 05 23 09 00 22.864 26.0779 99.6044 8.1 0.41
2016 05 23 09 04 59.568 26.0728 99.5820 7.8 0.06
2016 05 23 10 17 53.773 26.0914 99.5977 8.7 1.08
2016 05 23 10 24 59.332 26.0833 99.5620 12.0 0.07
2016 05 23 10 26 22.235 26.0959 99.5707 5.3 1.2
2016 05 23 10 44 46.621 26.1097 99.5753 11.4 0.41
2016 05 23 10 57 55.957 26.0756 99.5715 11.0 1.16
2016 05 23 10 58 50.719 25.2353 99.9066 0.0 1.12
2016 05 23 11 01 31.764 26.0759 99.6301 6.7 0.38
2016 05 23 11 11 31.611 26.0831 99.6226 10.2 0.38
2016 05 23 11 13 07.340 26.1125 99.5754 10.9 1.46
2016 05 23 11 23 07.414 26.1112 99.5778 10.2 1.48
2016 05 23 11 24 36.087 26.1066 99.5813 10.2 0.68
2016 05 23 11 48 14.961 26.0932 99.5827 11.6 0.52
2016 05 23 12 08 08.337 26.8920 103.1310 26.0 1.0
2016 05 23 12 09 12.352 26.0864 99.5946 10.8 0.73
2016 05 23 13 03 28.526 23.3075 103.2360 8.2 1.13
2016 05 23 13 04 13.783 27.5655 100.6507 15.4 1.52
2016 05 23 13 25 50.896 26.1685 100.5603 17.5 1.63
2016 05 23 13 38 12.358 28.6454 103.5626 20.6 1.35
2016 05 23 13 45 11.065 28.5464 104.6273 31.2 1.22
2016 05 23 13 47 46.293 27.8447 101.1655 9.9 4.0
2016 05 23 13 48 36.765 26.9840 102.6395 18.8 3.45
2016 05 23 13 51 46.049 26.1229 99.5861 10.0 0.88
2016 05 23 14 07 54.218 26.1030 99.5877 8.8 0.29
2016 05 23 14 15 39.027 26.1225 99.5862 9.7 0.97
2016 05 23 15 17 41.140 26.0933 99.5828 10.4 0.39
2016 05 23 15 37 44.306 25.9933 98.9969 13.9 1.27
2016 05 23 15 38 58.761 26.3483 102.7993 22.5 1.27
2016 05 23 15 41 04.038 26.1342 99.5504 11.8 0.89
2016 05 23 15 42 45.247 26.1339 99.5521 11.3 0.48
2016 05 23 15 48 10.288 26.1097 99.5652 12.5 0.37
2016 05 23 15 48 31.740 26.1004 99.5785 11.3 1.12
2016 05 23 15 52 15.903 26.1036 99.5826 9.8 0.43
2016 05 23 15 54 31.880 26.1012 99.5636 12.3 0.28
2016 05 23 16 03 31.370 27.0859 102.1600 45.1 1.38
2016 05 23 16 18 25.170 26.1078 99.5732 11.5 1.24
2016 05 23 16 19 50.326 26.1079 99.5739 11.2 0.77
2016 05 23 16 21 03.187 26.1095 99.5715 10.5 1.31
2016 05 23 16 21 33.408 26.0805 99.6104 5.2 0.69
2016 05 23 16 27 53.392 26.0873 99.6015 7.8 0.62
2016 05 23 16 28 38.712 26.1066 99.5759 10.4 1.85
2016 05 23 16 29 35.724 26.1061 99.5717 9.1 1.29
2016 05 23 16 29 40.945 26.1098 99.5665 12.5 1.26
2016 05 23 16 30 31.415 26.0883 99.6012 7.3 0.5
2016 05 23 16 30 51.117 26.1044 99.5722 11.3 1.07
2016 05 23 16 39 35.593 26.1064 99.5718 10.6 1.3
2016 05 23 16 41 17.555 26.1049 99.5774 9.9 1.61
2016 05 23 16 42 52.475 26.1041 99.5781 11.3 0.45
2016 05 23 16 43 39.987 26.3980 103.0169 0.5 0.32
2016 05 23 16 44 38.178 21.8220 100.8105 38.6 1.62
2016 05 23 16 45 45.829 26.0858 99.5512 14.4 0.31
2016 05 23 16 48 45.717 21.8462 100.7787 42.0 2.18
2016 05 23 16 52 20.748 26.1008 99.5775 11.4 1.15
2016 05 23 16 55 03.235 26.2229 99.4252 8.1 0.09
2016 05 23 17 06 07.643 26.0948 99.5784 9.4 0.92
2016 05 23 17 22 31.644 26.1083 99.5702 10.7 1.24
2016 05 23 17 22 47.365 26.1086 99.5729 11.1 1.37
2016 05 23 17 25 56.804 26.1121 99.5650 13.2 0.71
2016 05 23 17 35 33.384 26.1156 99.5808 12.6 1.09
2016 05 23 18 01 42.016 26.0956 99.5761 9.7 1.43
2016 05 23 18 08 32.951 26.1096 99.5718 11.1 1.12
2016 05 23 18 11 27.603 23.3879 104.2619 4.5 1.6
2016 05 23 18 25 18.677 26.1653 100.5717 15.4 1.15
2016 05 23 18 40 45.843 23.3226 104.2232 8.6 1.56
2016 05 23 19 20 14.745 26.4021 102.1327 27.5 1.54
2016 05 23 19 21 06.533 26.2330 99.4020 0.0 0.37
2016 05 23 19 21 32.353 26.1074 99.5756 9.5 1.9
2016 05 23 19 31 32.398 26.1076 99.5750 9.0 1.88
2016 05 23 19 33 10.718 25.9918 99.0050 7.4 0.79
2016 05 23 19 49 00.298 25.9953 99.0056 10.6 2.33
2016 05 23 19 53 22.795 25.9627 99.0282 0.0 1.09
2016 05 23 19 54 56.195 26.0172 98.9952 8.8 0.74
2016 05 23 19 58 00.315 26.1113 99.5716 11.2 0.3
2016 05 23 20 29 52.728 26.0939 99.6288 2.1 0.25
2016 05 23 20 31 51.440 28.2483 104.9600 5.0 2.23
2016 05 23 20 32 00.673 23.6593 102.8590 10.3 1.2
2016 05 23 20 33 46.914 25.9966 98.9953 13.5 1.27
2016 05 23 20 36 48.573 26.1206 99.5899 9.5 0.28
2016 05 23 20 38 12.223 26.1100 99.5738 10.8 0.75
2016 05 23 20 39 21.582 27.9847 101.1656 3.9 2.16
2016 05 23 20 54 34.896 23.3222 103.0780 14.4 2.32
2016 05 23 20 57 35.946 26.1907 99.7398 9.2 1.62
2016 05 23 20 59 06.145 26.2026 99.7478 11.6 0.35
2016 05 23 21 18 28.071 26.1112 99.5695 10.0 1.12
2016 05 23 21 25 02.296 26.1095 99.5680 12.0 0.8
2016 05 23 21 40 22.199 27.8321 100.6779 0.0 1.29
2016 05 23 21 43 35.474 26.1059 99.5837 10.9 0.86
2016 05 23 21 45 40.220 26.1200 99.5590 14.4 0.01
2016 05 23 21 54 35.500 26.1158 99.5498 14.4 0.43
2016 05 23 21 59 03.324 26.1009 99.5912 9.7 1.31
2016 05 23 22 03 36.330 23.3234 103.0748 14.4 2.14
2016 05 23 22 04 30.879 25.9283 99.7518 10.8 0.72
2016 05 23 22 12 20.290 26.1045 99.5756 10.9 0.32
2016 05 23 22 14 59.510 26.0025 99.0088 5.8 0.46
2016 05 23 22 17 05.262 26.1011 99.5903 10.1 1.05
2016 05 23 22 19 33.404 23.3323 103.0760 14.7 0.52
2016 05 23 22 54 11.520 26.2007 99.7440 11.7 1.04
2016 05 23 22 55 45.960 26.0961 99.5767 10.6 -0.01
2016 05 23 23 14 11.484 26.2018 99.7449 11.8 0.9
2016 05 23 23 15 23.080 26.1738 99.3366 7.3 0.69
2016 05 23 23 15 56.680 26.0875 99.5875 9.0 0.17
2016 05 23 23 17 21.950 26.1050 99.5879 10.8 0.33
2016 05 23 23 18 36.464 26.0969 99.5733 10.5 0.71
2016 05 23 23 43 52.184 23.3050 103.0969 8.8 2.05
2016 05 23 23 53 52.351 23.2946 103.2259 7.0 1.73
