2022 06 01 17 00 07.630 30.3810 102.9360 22.1 6.35
2022 06 01 17 01 25.510 30.2990 102.6740 0.0 3.08
2022 06 01 17 01 41.150 30.4114 102.9750 0.0 3.17
2022 06 01 17 02 04.720 30.3545 102.9620 0.0 3.35
2022 06 01 17 02 16.480 30.3766 102.9660 0.0 3.26
2022 06 01 17 03 09.240 30.3720 102.9260 20.3 5.20
2022 06 01 17 04 49.220 30.3910 102.9410 0.0 2.28
2022 06 01 17 05 10.880 30.2801 102.6270 0.0 2.73
2022 06 01 17 05 34.230 30.3401 102.9600 0.0 2.55
2022 06 01 17 05 46.060 30.2623 102.6830 0.0 2.64
2022 06 01 17 05 52.400 30.3155 102.9460 0.0 2.28
2022 06 01 17 05 59.990 30.5269 102.8240 0.0 2.11
2022 06 01 17 06 09.760 30.4330 102.6580 0.0 2.37
2022 06 01 17 06 39.170 30.3997 102.9610 0.0 2.46
2022 06 01 17 06 48.210 30.3641 102.9710 0.0 1.75
2022 06 01 17 07 34.960 30.4100 102.8970 13.9 3.26
2022 06 01 17 08 18.890 30.4030 102.8990 13.9 2.90
2022 06 01 17 09 46.250 30.3983 102.9850 0.0 2.19
2022 06 01 17 10 21.080 30.4060 102.8490 16.0 2.19
2022 06 01 17 10 28.280 30.4111 103.0750 0.0 2.11
2022 06 01 17 10 49.100 30.3806 102.9620 0.0 1.75
2022 06 01 17 11 14.530 30.3620 102.7090 18.4 2.37
2022 06 01 17 11 59.690 30.3660 102.8970 17.0 2.37
2022 06 01 17 12 30.460 30.3850 102.8790 17.7 1.93
2022 06 01 17 12 42.590 30.4129 103.0030 0.0 1.84
2022 06 01 17 12 52.120 30.3680 103.0340 0.0 1.58
2022 06 01 17 13 18.500 30.4746 102.9880 0.0 2.11
2022 06 01 17 13 21.230 30.3450 102.8190 12.3 1.66
2022 06 01 17 13 59.590 30.3722 102.9370 0.0 1.49
2022 06 01 17 14 02.920 30.3860 102.8730 20.6 1.75
2022 06 01 17 14 15.310 30.4153 102.9890 0.0 1.40
2022 06 01 17 14 27.180 30.2880 102.8130 0.0 1.75
2022 06 01 17 14 31.820 30.3775 102.7360 0.0 1.66
2022 06 01 17 14 46.390 30.2771 102.7130 0.0 1.49
2022 06 01 17 14 59.820 30.4698 102.8250 0.0 1.22
2022 06 01 17 15 32.250 30.3361 102.6900 0.0 1.66
2022 06 01 17 16 07.860 30.4200 102.8650 17.3 1.75
2022 06 01 17 16 19.970 30.3957 102.9310 0.0 1.66
2022 06 01 17 16 38.400 30.4359 103.0190 0.0 1.84
2022 06 01 17 16 52.150 30.3470 102.7420 19.5 1.93
2022 06 01 17 17 00.270 30.3160 102.6680 0.0 1.93
2022 06 01 17 17 23.610 30.3948 102.9660 0.0 1.22
2022 06 01 17 18 09.070 30.3950 102.8920 15.9 1.58
2022 06 01 17 18 53.830 30.4150 102.7040 13.4 2.37
2022 06 01 17 19 07.930 30.3949 102.9680 0.0 2.37
2022 06 01 17 19 26.230 30.3706 102.9660 0.0 2.19
2022 06 01 17 19 52.630 30.3116 102.7260 0.0 1.84
2022 06 01 17 20 26.980 30.3847 102.9290 0.0 1.66
2022 06 01 17 21 02.000 30.3514 103.0480 0.0 1.66
2022 06 01 17 21 46.250 30.3750 102.8980 16.4 2.46
2022 06 01 17 22 16.510 30.4163 102.9730 0.0 1.49
2022 06 01 17 22 46.310 30.5780 102.7550 1.7 1.66
2022 06 01 17 25 15.990 30.3830 102.8880 13.5 2.37
2022 06 01 17 25 25.210 30.3970 102.9270 0.0 2.19
2022 06 01 17 25 57.670 30.4585 102.8110 0.0 1.93
2022 06 01 17 26 33.830 30.3300 102.8820 24.3 2.11
2022 06 01 17 27 11.030 30.3542 102.6640 0.0 1.49
2022 06 01 17 27 34.190 30.3960 102.8860 14.9 2.02
2022 06 01 17 28 30.320 30.3300 102.7570 21.7 1.75
2022 06 01 17 28 44.380 30.2060 102.8970 17.6 2.11
2022 06 01 17 29 30.670 30.4080 102.8890 13.0 2.11
2022 06 01 17 31 00.410 30.3870 102.8520 16.1 1.84
2022 06 01 17 33 17.550 30.3970 102.8830 16.9 3.08
2022 06 01 17 35 04.020 30.3840 102.8980 18.1 2.02
2022 06 01 17 36 40.150 30.4489 102.9520 0.0 1.93
2022 06 01 17 36 55.620 30.4280 102.8730 9.9 2.37
2022 06 01 17 38 14.660 30.3910 102.8950 15.1 2.81
2022 06 01 17 38 28.690 30.4270 102.8920 9.8 2.55
2022 06 01 17 39 13.890 30.4206 102.9570 0.0 2.11
2022 06 01 17 39 45.650 30.4425 103.0130 0.0 1.49
2022 06 01 17 40 29.890 30.3800 102.8690 15.8 1.75
2022 06 01 17 41 05.300 30.3930 102.9860 0.0 1.93
2022 06 01 17 41 09.960 30.3720 102.9070 15.5 1.93
2022 06 01 17 41 53.720 30.4287 102.9810 0.0 1.84
2022 06 01 17 43 22.700 30.3370 102.7190 18.0 1.22
2022 06 01 17 43 41.600 30.3980 102.9200 12.3 1.58
2022 06 01 17 43 59.490 30.3766 102.9140 0.0 1.31
2022 06 01 17 44 09.010 30.4060 102.8730 12.9 1.66
2022 06 01 17 44 32.800 30.3806 102.9340 0.0 1.49
2022 06 01 17 45 08.340 30.3970 102.8750 15.1 1.49
2022 06 01 17 46 08.460 30.4190 102.8980 15.1 1.93
2022 06 01 17 46 22.560 30.3903 102.9860 0.0 2.02
2022 06 01 17 46 39.890 30.2920 102.6520 0.0 1.22
2022 06 01 17 47 25.400 30.4050 102.8920 15.1 1.58
2022 06 01 17 47 43.030 30.3640 102.8190 17.5 1.49
2022 06 01 17 48 11.950 30.4117 102.9920 0.0 1.84
2022 06 01 17 48 31.490 30.4079 103.0130 0.0 1.40
2022 06 01 17 49 25.780 30.3970 102.9540 10.1 1.58
2022 06 01 17 49 36.780 30.3740 102.8690 16.0 1.75
2022 06 01 17 49 49.100 30.4110 102.9040 16.8 1.84
2022 06 01 17 50 06.980 30.3732 102.9800 0.0 1.40
2022 06 01 17 50 44.410 30.4115 102.9770 0.0 1.31
2022 06 01 17 50 58.840 30.3080 102.7910 16.7 1.93
2022 06 01 17 51 30.780 30.3926 102.9580 0.0 1.58
2022 06 01 17 51 51.930 30.4170 102.9020 12.1 2.02
2022 06 01 17 52 11.820 30.4176 102.9770 0.0 1.75
2022 06 01 17 52 25.790 30.3800 102.8840 14.5 1.93
2022 06 01 17 53 13.380 30.4056 103.0130 0.0 1.49
2022 06 01 17 53 34.750 30.3239 102.6130 0.0 1.40
2022 06 01 17 54 01.830 30.3510 102.7300 20.2 1.84
2022 06 01 17 56 26.150 30.4060 102.8940 11.4 2.19
2022 06 01 17 58 40.850 30.3541 102.9620 0.0 1.40
2022 06 01 18 00 41.670 30.4158 102.9700 0.0 1.75
2022 06 01 18 01 09.320 30.5890 102.7220 1.9 1.66
2022 06 01 18 01 46.420 30.3980 102.8810 22.4 2.37
2022 06 01 18 02 30.410 30.3830 102.8870 16.9 1.84
2022 06 01 18 02 55.100 30.3447 103.0130 0.0 1.93
2022 06 01 18 03 56.330 30.4330 102.8950 9.6 1.40
2022 06 01 18 04 17.030 30.4280 102.8760 18.6 1.40
2022 06 01 18 04 33.210 30.3970 102.8770 14.0 1.66
2022 06 01 18 04 45.400 30.3960 102.9110 17.4 1.31
2022 06 01 18 06 15.870 30.4010 102.8800 12.6 2.28
2022 06 01 18 06 53.030 30.3890 102.8550 15.9 1.58
2022 06 01 18 07 09.760 30.4260 102.8950 15.2 1.84
2022 06 01 18 07 50.370 30.3720 102.8830 17.1 2.19
2022 06 01 18 08 36.130 30.3800 102.8950 9.5 1.66
2022 06 01 18 10 17.440 30.4170 102.8740 12.9 1.66
2022 06 01 18 11 57.080 30.3920 102.8980 19.4 1.93
2022 06 01 18 13 09.440 30.2512 102.7510 0.0 1.49
2022 06 01 18 13 38.890 30.5360 102.7180 3.0 1.58
2022 06 01 18 18 40.480 30.3650 102.9060 15.6 2.55
2022 06 01 18 19 14.440 30.3700 102.9190 24.6 2.90
2022 06 01 18 21 31.030 30.4270 102.9530 4.0 1.58
2022 06 01 18 21 54.640 30.4147 102.9490 0.0 1.58
2022 06 01 18 22 38.430 30.3750 102.8970 16.8 2.37
2022 06 01 18 24 45.060 30.2990 102.7370 16.0 2.02
2022 06 01 18 25 25.140 30.3900 102.8740 13.5 2.02
2022 06 01 18 26 51.650 30.4030 102.8890 15.2 1.66
2022 06 01 18 27 27.660 30.4210 102.9470 5.7 1.93
2022 06 01 18 30 38.160 30.4035 102.9900 0.0 1.22
2022 06 01 18 31 06.080 30.3980 102.8870 15.4 0.78
2022 06 01 18 31 17.920 30.3853 102.9630 0.0 1.22
2022 06 01 18 31 35.440 30.4071 102.6470 0.0 1.58
2022 06 01 18 31 42.860 30.4170 102.9690 7.0 1.40
2022 06 01 18 32 19.780 30.4050 102.8610 18.1 1.31
2022 06 01 18 33 27.230 30.4250 102.9750 0.0 1.49
2022 06 01 18 34 12.260 30.3850 102.8850 16.0 0.96
2022 06 01 18 36 34.020 30.3750 102.8940 16.9 1.66
2022 06 01 18 36 56.510 30.4350 102.8890 10.9 1.58
2022 06 01 18 38 01.110 30.4100 102.9090 17.6 1.75
2022 06 01 18 39 32.740 30.3780 102.8880 15.1 1.66
2022 06 01 18 40 23.360 30.3708 102.8980 0.0 1.49
2022 06 01 18 40 51.460 30.3260 102.6530 0.0 1.04
2022 06 01 18 41 11.020 30.4313 102.9840 0.0 1.22
2022 06 01 18 41 37.420 30.3910 102.9220 18.6 1.66
2022 06 01 18 41 55.530 30.3950 102.9840 0.0 1.49
2022 06 01 18 42 21.120 30.2786 102.6410 0.0 0.96
2022 06 01 18 42 45.960 30.3670 102.8710 15.6 1.31
2022 06 01 18 43 40.670 30.5620 102.7990 2.0 1.13
2022 06 01 18 45 17.810 30.4210 102.8790 12.6 1.93
2022 06 01 18 45 44.510 30.3517 102.9600 0.0 1.40
2022 06 01 18 47 33.510 30.4390 102.8850 12.1 1.75
2022 06 01 18 48 32.520 30.4080 102.8810 13.3 1.75
2022 06 01 18 49 38.940 30.3880 102.8990 15.8 2.19
2022 06 01 18 50 45.350 30.2966 102.7030 0.0 1.22
2022 06 01 18 51 10.400 30.2410 102.8690 0.0 1.58
2022 06 01 18 52 00.820 30.3880 102.8770 13.3 1.40
2022 06 01 18 52 28.690 30.4000 102.8680 17.1 1.66
2022 06 01 18 53 26.100 30.4586 102.9550 0.0 1.58
2022 06 01 18 54 04.990 30.3076 102.6480 0.0 1.58
2022 06 01 18 54 37.970 30.3760 102.8240 16.5 1.58
2022 06 01 18 54 42.630 30.3944 102.9660 0.0 1.49
2022 06 01 18 57 45.570 30.4010 102.8960 18.7 1.75
2022 06 01 18 58 55.790 30.3630 102.8830 14.9 2.02
2022 06 01 19 02 06.480 30.4280 102.8760 14.8 1.75
2022 06 01 19 09 02.300 30.4240 102.9060 17.3 1.93
2022 06 01 19 10 09.980 30.3950 102.9330 17.2 2.19
2022 06 01 19 11 57.470 30.4080 102.8770 14.6 1.66
2022 06 01 19 12 46.700 30.3960 102.8880 15.3 1.49
2022 06 01 19 13 54.020 30.4030 102.8690 15.0 1.49
2022 06 01 19 14 50.300 30.3760 102.8970 15.3 2.37
2022 06 01 19 16 07.580 30.3860 102.8810 14.0 2.02
2022 06 01 19 16 55.490 30.4110 102.8730 10.8 2.02
2022 06 01 19 18 13.080 30.3970 102.9230 19.4 2.02
2022 06 01 19 19 24.480 30.3972 102.9820 0.0 1.66
2022 06 01 19 21 49.010 30.3850 102.9130 18.2 2.11
2022 06 01 19 22 30.750 30.4110 102.8970 14.0 2.11
2022 06 01 19 23 18.930 30.4260 102.8730 13.2 1.93
2022 06 01 19 24 14.070 30.2196 102.8270 0.0 0.96
2022 06 01 19 24 35.480 30.3679 102.9590 0.0 1.13
2022 06 01 19 25 00.920 30.4170 102.9590 7.5 1.31
2022 06 01 19 25 19.420 30.4100 102.9650 0.0 1.04
2022 06 01 19 25 59.330 30.4010 102.9000 14.7 1.58
2022 06 01 19 26 43.410 30.3870 102.8920 16.6 1.75
2022 06 01 19 27 37.760 30.3800 102.8980 18.8 1.49
2022 06 01 19 29 08.310 30.3860 102.8900 14.4 1.84
2022 06 01 19 30 14.910 30.3890 102.9140 17.9 1.93
2022 06 01 19 31 48.840 30.3710 102.8940 18.1 1.75
2022 06 01 19 32 40.850 30.3920 102.9030 15.1 1.75
2022 06 01 19 35 01.750 30.3810 102.8510 9.8 1.58
2022 06 01 19 35 23.810 30.3720 102.8640 12.3 1.40
2022 06 01 19 36 34.350 30.4040 102.8910 19.7 1.66
2022 06 01 19 38 41.170 30.4170 102.9180 14.8 1.66
2022 06 01 19 39 06.650 30.4008 102.9850 0.0 1.40
2022 06 01 19 39 29.020 30.4056 102.9660 0.0 1.49
2022 06 01 19 40 05.040 30.4190 102.9220 14.3 1.75
2022 06 01 19 40 16.850 30.4230 102.9230 21.0 2.46
2022 06 01 19 42 26.120 30.3036 102.9900 0.0 0.96
2022 06 01 19 42 41.310 30.4387 102.7470 0.0 1.13
2022 06 01 19 42 53.100 30.3118 102.9270 0.0 1.58
2022 06 01 19 44 20.600 30.4110 102.9100 15.0 1.75
2022 06 01 19 44 58.350 30.3990 102.8810 12.6 1.75
2022 06 01 19 45 43.840 30.3940 102.8760 12.4 2.02
2022 06 01 19 45 55.150 30.4210 102.8620 9.9 1.75
2022 06 01 19 47 53.520 30.4080 102.9240 15.9 1.40
2022 06 01 19 48 38.640 30.3820 102.8870 14.7 1.66
2022 06 01 19 49 40.250 30.4040 102.8710 16.9 1.13
2022 06 01 19 50 56.030 30.4214 102.9380 0.0 0.60
2022 06 01 19 51 20.220 30.4100 102.9000 13.4 1.49
2022 06 01 19 54 15.210 30.4020 102.9130 17.3 1.31
2022 06 01 19 54 32.990 30.3642 102.9600 0.0 1.22
2022 06 01 19 54 37.370 30.3930 102.8690 12.6 1.66
2022 06 01 19 55 50.720 30.5450 102.7190 1.1 1.31
2022 06 01 19 56 52.760 30.3696 102.9370 0.0 1.13
2022 06 01 19 58 54.010 30.4150 102.8820 4.0 1.22
2022 06 01 20 00 17.020 30.3890 102.8940 15.0 1.58
2022 06 01 20 01 43.740 30.4180 102.9090 16.8 1.58
2022 06 01 20 04 26.720 30.4240 102.7150 12.5 1.49
2022 06 01 20 05 24.640 30.4010 102.9070 17.1 1.49
2022 06 01 20 07 15.670 30.4080 102.8980 14.0 1.40
2022 06 01 20 08 56.570 30.4120 102.9000 12.1 2.90
2022 06 01 20 09 51.420 30.3790 102.8780 13.9 2.28
2022 06 01 20 12 31.070 30.3660 102.8570 16.8 1.04
2022 06 01 20 14 46.410 30.4080 102.9100 16.9 1.04
2022 06 01 20 15 39.820 30.3815 102.9850 0.0 1.49
2022 06 01 20 16 05.160 30.4090 102.9160 14.5 0.96
2022 06 01 20 16 35.170 30.4030 102.9280 17.1 2.02
2022 06 01 20 17 39.490 30.4104 102.9340 0.0 1.22
2022 06 01 20 20 10.620 30.5610 102.7260 1.5 1.04
2022 06 01 20 20 40.550 30.3640 102.8860 17.2 2.11
2022 06 01 20 21 34.050 30.3600 102.8730 14.2 1.40
2022 06 01 20 23 27.600 30.3040 102.7260 19.6 1.22
2022 06 01 20 24 51.300 30.4320 102.8950 14.1 1.22
2022 06 01 20 25 41.500 30.3900 102.8950 14.6 1.66
2022 06 01 20 28 59.580 30.3820 102.8780 14.4 1.58
2022 06 01 20 34 33.060 30.3930 102.8940 14.9 2.55
2022 06 01 20 35 16.350 30.3880 102.8770 13.8 1.84
2022 06 01 20 36 22.870 30.3830 102.8790 14.2 1.84
2022 06 01 20 36 51.770 30.3730 102.8820 15.8 1.75
2022 06 01 20 37 54.230 30.3770 102.9000 14.9 1.13
2022 06 01 20 39 06.160 30.4170 102.8990 13.4 1.49
2022 06 01 20 40 51.130 30.4210 102.8950 10.7 2.11
2022 06 01 20 41 43.160 30.3360 102.6750 13.4 1.40
2022 06 01 20 43 10.200 30.3240 102.6600 9.7 1.40
2022 06 01 20 43 34.840 30.3760 102.9020 16.7 1.84
2022 06 01 20 44 34.120 30.3880 102.8680 16.8 1.22
2022 06 01 20 46 10.570 30.4210 102.8900 15.9 1.04
2022 06 01 20 50 20.290 30.4130 102.9090 18.6 1.31
2022 06 01 20 54 38.380 30.4330 102.7500 13.3 1.31
2022 06 01 20 55 58.280 30.3960 102.8930 18.0 1.84
2022 06 01 21 01 34.290 30.3790 102.8910 17.9 1.40
2022 06 01 21 01 46.310 30.4270 102.8900 13.6 1.58
2022 06 01 21 03 36.130 30.4190 102.8940 14.9 1.31
2022 06 01 21 03 49.950 30.4050 102.9260 18.8 2.55
2022 06 01 21 05 37.890 30.4140 102.9300 17.0 1.58
2022 06 01 21 06 11.360 30.3880 102.8730 13.6 1.66
2022 06 01 21 06 28.610 30.4160 102.8870 20.2 2.64
2022 06 01 21 09 04.530 30.3850 102.8540 15.3 1.22
2022 06 01 21 10 47.660 30.3703 102.9070 0.0 0.78
2022 06 01 21 11 37.920 30.3930 102.9160 13.8 0.96
2022 06 01 21 11 46.240 30.4176 102.9830 0.0 0.96
2022 06 01 21 13 35.410 30.3980 102.8870 15.9 1.31
2022 06 01 21 13 55.670 30.4190 102.8970 18.0 1.22
2022 06 01 21 14 55.610 30.3880 102.8810 14.3 1.40
2022 06 01 21 15 06.020 30.4047 102.9820 0.0 1.75
2022 06 01 21 17 13.570 30.4170 102.8830 16.6 1.22
2022 06 01 21 17 35.750 30.4130 102.9240 20.7 2.46
2022 06 01 21 19 12.620 30.4190 102.8790 16.7 0.78
2022 06 01 21 20 26.030 30.3610 102.6420 3.0 1.22
2022 06 01 21 26 59.660 30.3770 102.8920 18.0 1.13
2022 06 01 21 27 57.730 30.4100 102.8580 17.2 0.78
2022 06 01 21 28 31.700 30.4040 102.8540 14.3 1.04
2022 06 01 21 29 59.810 30.4860 102.9180 3.0 1.49
2022 06 01 21 30 06.410 30.4200 102.8980 3.0 1.75
2022 06 01 21 30 39.660 30.3500 102.6390 3.0 1.31
2022 06 01 21 34 05.150 30.3920 102.8510 14.8 0.96
2022 06 01 21 35 00.120 30.3867 102.9250 0.0 0.96
2022 06 01 21 38 04.190 30.3960 102.8950 15.9 1.58
2022 06 01 21 39 53.170 30.3700 102.8860 14.5 1.04
2022 06 01 21 40 30.030 30.5850 102.7650 1.6 0.96
2022 06 01 21 43 20.180 30.4290 102.8920 12.2 1.31
2022 06 01 21 45 25.950 30.3930 102.8880 14.9 2.11
2022 06 01 21 45 56.280 30.4290 102.8820 11.2 1.84
2022 06 01 21 47 54.480 30.3750 102.8680 17.6 0.87
2022 06 01 21 52 24.240 30.3790 102.9010 17.9 1.58
2022 06 01 21 52 57.190 30.3980 102.8910 16.1 1.75
2022 06 01 21 56 04.730 30.4340 102.9110 22.7 2.19
2022 06 01 22 00 30.040 30.4200 102.8960 13.8 1.93
2022 06 01 22 08 29.900 30.4120 102.9170 15.0 1.84
2022 06 01 22 10 26.640 30.4320 102.9190 16.1 3.17
2022 06 01 22 12 52.140 30.2610 102.6990 3.2 1.49
2022 06 01 22 15 16.010 30.4190 102.9170 17.7 1.75
2022 06 01 22 17 01.660 30.4190 102.9130 14.1 2.28
2022 06 01 22 18 04.670 30.4100 102.8660 13.4 1.75
2022 06 01 22 30 06.020 30.3560 102.8400 18.4 1.04
2022 06 01 22 31 36.240 30.3950 102.8920 15.0 1.66
2022 06 01 22 35 52.630 30.3070 102.7550 13.4 1.22
2022 06 01 22 42 26.040 30.4010 102.8780 12.9 1.40
2022 06 01 22 45 45.240 30.3800 102.9080 15.5 1.22
2022 06 01 22 46 46.430 30.3790 102.7640 17.5 0.78
2022 06 01 22 48 13.070 30.4100 102.8750 11.3 1.04
2022 06 01 22 52 10.270 30.4160 102.8830 13.8 0.69
2022 06 01 22 52 48.940 30.3570 103.0800 15.0 0.60
2022 06 01 22 53 45.920 30.4210 102.9020 14.5 1.49
2022 06 01 22 55 15.150 30.4510 102.8600 15.3 0.96
2022 06 01 22 58 20.150 30.3970 102.8750 15.2 1.49
2022 06 01 23 00 48.940 30.4060 102.8330 16.2 0.60
2022 06 01 23 05 38.190 30.3910 102.8840 13.0 1.75
2022 06 01 23 06 27.480 30.4000 102.9310 14.3 1.66
2022 06 01 23 10 37.000 30.3930 102.8860 22.7 0.87
2022 06 01 23 16 49.820 30.1550 102.6530 21.1 1.40
2022 06 01 23 17 27.250 30.4060 102.8900 15.3 1.75
2022 06 01 23 20 21.030 30.3690 102.8900 16.5 1.13
2022 06 01 23 22 07.410 30.3730 102.9000 19.2 0.78
2022 06 01 23 27 18.030 30.3840 102.8700 17.6 0.51
2022 06 01 23 33 15.230 30.4050 102.9010 12.4 0.78
2022 06 01 23 35 47.020 30.4250 102.9180 17.2 2.37
2022 06 01 23 41 32.870 30.4220 102.9050 15.8 1.31
2022 06 01 23 45 44.860 30.4120 102.9180 14.1 0.78
2022 06 01 23 49 28.520 30.4100 102.8940 15.1 0.78
2022 06 01 23 50 20.570 30.3890 102.8750 16.7 0.78
2022 06 01 23 50 37.940 30.4230 102.9140 14.6 0.78
2022 06 01 23 56 09.680 30.4070 102.9070 13.0 1.22
2022 06 01 23 59 02.990 30.3750 102.8930 14.9 1.31
2022 06 02 00 00 32.640 30.3970 102.9110 18.0 1.04
2022 06 02 00 04 00.960 30.4250 102.9050 12.6 0.78
2022 06 02 00 06 17.010 30.4280 102.8930 13.7 1.49
2022 06 02 00 08 36.160 30.2990 102.7020 14.1 1.22
2022 06 02 00 10 11.480 30.4460 102.9120 22.7 2.81
2022 06 02 00 13 20.020 30.3780 102.9070 18.2 1.75
2022 06 02 00 15 18.650 30.4060 102.8800 16.9 1.22
2022 06 02 00 19 10.770 30.3720 102.8740 17.4 1.31
2022 06 02 00 20 33.080 30.4330 102.8900 15.8 1.04
2022 06 02 00 26 31.300 30.3950 102.8760 14.8 1.40
2022 06 02 00 32 03.390 30.3730 102.8870 16.8 1.66
2022 06 02 00 37 10.800 30.4050 102.9380 17.0 1.93
2022 06 02 00 55 48.410 30.4210 102.9240 17.6 1.04
2022 06 02 00 58 40.710 30.3620 102.8860 15.8 1.49
2022 06 02 01 01 04.280 30.4100 102.8970 15.0 1.66
2022 06 02 01 02 55.950 30.3900 102.9140 12.0 1.13
2022 06 02 01 10 30.530 30.4070 102.9050 11.8 0.69
2022 06 02 01 17 39.360 30.4330 102.9160 10.3 0.96
2022 06 02 01 19 02.580 30.3980 102.8380 14.5 0.96
2022 06 02 01 22 47.310 30.4140 102.9080 15.4 1.58
2022 06 02 01 28 11.820 30.3910 102.8660 20.4 1.04
2022 06 02 01 32 18.810 30.4350 102.9020 12.8 0.87
2022 06 02 01 39 15.000 30.4160 102.8760 14.1 1.13
2022 06 02 01 44 02.270 30.3790 102.8780 17.6 0.69
2022 06 02 01 48 50.620 30.4030 102.7820 18.5 1.04
2022 06 02 01 50 30.730 30.4110 102.8950 14.9 1.58
2022 06 02 01 51 38.240 30.4150 102.9380 10.6 1.04
2022 06 02 01 53 39.290 30.4370 102.8950 10.8 1.22
2022 06 02 01 56 03.940 30.4480 102.9030 1.5 0.51
2022 06 02 02 00 26.410 30.3760 102.8800 17.2 1.04
2022 06 02 02 05 08.970 30.4020 102.8820 16.9 0.69
2022 06 02 02 06 48.990 30.4410 102.8930 10.7 0.87
2022 06 02 02 13 49.000 30.4310 102.8900 12.7 0.96
2022 06 02 02 19 53.520 30.4370 102.8900 12.4 1.04
2022 06 02 02 29 05.410 30.4060 102.9220 17.4 0.96
2022 06 02 02 32 15.130 30.4030 102.9210 16.8 1.22
2022 06 02 02 36 50.680 30.3900 102.8790 15.2 1.93
2022 06 02 02 38 54.600 30.3800 102.9160 17.7 1.66
2022 06 02 02 41 40.980 30.4000 102.8700 16.0 0.87
2022 06 02 02 49 20.680 30.4190 102.9070 16.1 0.96
2022 06 02 02 50 07.050 30.3770 102.8940 16.8 1.66
2022 06 02 02 51 49.160 30.3840 102.8650 15.4 1.22
2022 06 02 02 55 55.420 30.3920 102.8920 15.1 1.84
2022 06 02 02 58 03.340 30.4270 102.9230 12.8 1.93
2022 06 02 02 58 17.000 30.3840 102.9130 14.6 1.58
2022 06 02 03 09 02.330 30.3930 102.8710 15.9 1.40
2022 06 02 03 13 46.120 30.4130 102.8910 15.5 0.78
2022 06 02 03 14 37.510 30.4270 102.8460 9.5 0.78
2022 06 02 03 16 18.180 30.3680 102.8590 18.4 0.78
2022 06 02 03 23 00.950 30.3580 102.8770 17.0 1.66
2022 06 02 03 24 14.810 30.4250 102.9350 15.2 1.04
2022 06 02 03 28 26.810 30.4010 102.8610 13.5 0.96
2022 06 02 03 29 26.710 30.4160 102.9340 16.9 0.96
2022 06 02 03 29 57.990 30.3810 102.8830 14.2 1.40
2022 06 02 03 31 46.460 30.3590 102.9030 17.0 1.04
2022 06 02 03 32 35.500 30.4210 102.9150 11.5 1.13
2022 06 02 03 33 03.880 30.2730 102.7190 9.1 1.31
2022 06 02 03 34 28.870 30.3710 102.8710 16.5 1.40
2022 06 02 03 35 20.350 30.4330 102.8750 16.3 1.04
2022 06 02 03 39 06.770 30.4870 102.9320 4.0 0.96
2022 06 02 03 39 34.720 30.5930 103.3660 16.8 1.22
2022 06 02 03 40 38.900 30.3670 102.8880 16.7 1.58
2022 06 02 03 42 17.080 30.3700 102.8950 14.7 1.84
2022 06 02 03 44 14.410 30.3780 102.8900 16.2 1.49
2022 06 02 03 48 52.460 30.3990 102.9120 18.7 2.02
2022 06 02 03 52 53.310 30.4330 102.9320 11.0 0.78
2022 06 02 04 01 17.150 30.3960 102.8830 14.6 1.93
2022 06 02 04 08 13.100 30.3710 102.9030 21.4 3.17
2022 06 02 04 14 39.980 30.3790 102.8830 18.9 1.13
2022 06 02 04 30 28.970 30.4260 102.8980 13.2 1.66
2022 06 02 04 33 51.680 30.3760 102.9020 17.3 2.81
2022 06 02 04 42 38.670 30.4360 102.8950 11.6 0.87
2022 06 02 04 48 23.520 30.4140 102.8860 17.1 1.58
2022 06 02 04 51 25.120 30.4200 102.9180 17.9 0.78
2022 06 02 05 02 18.470 30.4090 102.9270 12.4 1.13
2022 06 02 05 06 11.000 30.4360 102.9200 25.1 2.02
2022 06 02 05 08 42.620 30.3860 102.7810 16.2 1.13
2022 06 02 05 15 27.730 30.4020 102.8490 15.3 0.96
2022 06 02 05 20 08.490 30.4010 102.8520 15.5 1.04
2022 06 02 05 22 56.530 30.4190 102.8860 15.2 1.04
2022 06 02 05 24 45.630 30.4020 102.8550 14.7 1.13
2022 06 02 05 31 15.590 30.4060 102.8930 15.0 1.66
2022 06 02 05 39 00.800 30.3760 102.8870 17.3 0.69
2022 06 02 05 40 09.330 30.4070 102.7510 21.1 1.40
2022 06 02 05 43 05.450 30.3790 102.8940 17.2 2.28
2022 06 02 05 54 22.350 30.4060 102.9090 14.7 0.69
2022 06 02 06 05 44.600 30.4150 102.8770 13.7 1.13
2022 06 02 06 06 13.230 30.4060 102.8740 11.4 1.13
2022 06 02 06 08 59.730 30.4080 102.9290 18.1 1.04
2022 06 02 06 12 55.050 30.4410 102.8930 11.3 0.96
2022 06 02 06 13 09.340 30.4240 102.8600 10.0 1.22
2022 06 02 06 16 31.430 30.4060 102.8490 17.1 0.69
2022 06 02 06 26 51.450 30.3770 102.9450 13.4 1.04
2022 06 02 06 27 46.370 30.3880 102.8800 14.7 1.84
2022 06 02 06 29 16.980 30.4050 102.8740 15.4 0.87
2022 06 02 06 32 09.870 30.4230 102.9230 14.7 2.64
2022 06 02 06 34 00.210 30.4260 102.9210 12.8 1.13
2022 06 02 06 36 05.440 30.4070 102.8770 16.6 0.96
2022 06 02 06 41 37.600 30.4120 102.8630 20.4 1.31
2022 06 02 06 51 43.080 30.4400 102.9350 14.9 1.22
2022 06 02 07 05 00.470 30.3830 102.8800 13.3 1.84
2022 06 02 07 11 50.250 30.4150 102.9070 15.5 1.31
2022 06 02 07 15 34.670 30.3780 102.8690 18.2 1.04
2022 06 02 07 18 40.100 30.3730 102.8760 14.3 1.40
2022 06 02 07 21 40.490 30.4000 102.8820 14.1 3.35
2022 06 02 07 26 00.680 30.3720 102.8820 15.3 1.93
2022 06 02 07 28 31.690 30.3860 102.8970 16.3 1.31
2022 06 02 07 30 30.700 30.4437 102.9540 0.0 1.04
2022 06 02 07 31 58.660 30.3950 102.9180 16.6 1.66
2022 06 02 07 48 08.690 30.3780 102.8960 17.2 3.88
2022 06 02 07 51 47.570 30.2460 102.8860 17.2 2.02
2022 06 02 07 57 49.880 30.4020 102.8780 12.1 2.19
2022 06 02 08 01 39.060 30.4330 102.8840 9.5 1.93
2022 06 02 08 03 19.110 30.2250 102.9230 14.0 1.22
2022 06 02 08 20 59.520 30.3700 102.8930 16.9 2.02
2022 06 02 08 24 43.110 30.3970 102.8890 16.3 1.58
2022 06 02 08 39 27.600 30.4620 102.8230 14.0 1.13
2022 06 02 08 56 06.900 30.4160 102.9650 9.4 1.40
2022 06 02 09 02 51.880 30.4560 102.8810 10.2 1.84
2022 06 02 09 05 07.430 30.4030 102.9150 18.9 1.13
2022 06 02 09 05 57.170 30.4578 102.9690 0.0 1.22
2022 06 02 09 07 15.610 30.3631 102.9970 0.0 1.93
2022 06 02 09 07 22.670 30.4290 102.9070 17.9 2.90
2022 06 02 09 11 25.370 30.3930 102.8910 14.2 1.84
2022 06 02 09 12 25.320 30.4300 102.8800 15.8 1.22
2022 06 02 09 20 40.110 30.3310 103.1010 4.0 1.31
2022 06 02 09 35 39.710 30.4289 102.9520 0.0 0.78
2022 06 02 09 40 56.380 30.4280 102.8750 12.9 1.84
2022 06 02 09 46 27.530 30.5310 102.7190 1.3 1.58
2022 06 02 09 54 39.500 30.4050 102.9010 13.7 1.75
2022 06 02 10 05 30.350 30.4160 102.9060 15.7 1.58
2022 06 02 10 06 28.380 30.3720 102.8710 19.9 1.13
2022 06 02 10 12 33.270 30.4290 102.8890 16.2 1.49
2022 06 02 10 18 03.180 30.4000 102.8900 16.2 1.49
2022 06 02 10 20 57.010 30.4130 102.9080 19.9 2.81
2022 06 02 10 57 34.690 30.4110 102.8760 14.0 2.46
2022 06 02 11 40 13.160 30.4010 102.8670 12.3 1.84
2022 06 02 12 10 11.500 30.3970 102.8580 16.2 1.22
2022 06 02 12 13 32.150 30.7280 103.0760 12.1 1.22
2022 06 02 12 38 56.930 30.3740 102.8820 15.2 1.49
2022 06 02 12 52 08.100 30.4060 102.8940 14.7 1.49
2022 06 02 12 55 23.340 30.3720 102.8900 16.7 2.28
2022 06 02 13 02 58.710 30.4140 102.8940 14.7 1.31
2022 06 02 13 19 34.610 30.4180 102.9120 16.1 1.22
2022 06 02 13 20 07.590 30.3850 102.9000 10.6 1.22
2022 06 02 13 23 27.330 30.4220 102.8970 16.9 1.22
2022 06 02 13 25 53.380 30.4260 102.8900 18.8 1.22
2022 06 02 13 26 57.630 30.4080 102.9030 12.8 2.02
2022 06 02 13 28 13.980 30.3940 102.8840 11.7 1.84
2022 06 02 13 33 20.000 30.4000 102.9270 17.1 2.02
2022 06 02 13 51 18.400 30.3710 102.8880 14.6 1.40
2022 06 02 14 03 30.980 30.3970 102.9400 18.4 0.96
2022 06 02 14 09 27.380 30.4240 102.8880 15.0 1.22
2022 06 02 14 15 21.110 30.3640 102.8750 17.9 1.22
2022 06 02 14 16 16.990 30.4080 102.9140 6.9 1.40
2022 06 02 14 21 15.340 30.3910 102.9120 14.7 1.22
2022 06 02 14 28 54.980 30.3980 102.9150 11.1 0.87
2022 06 02 14 31 27.110 30.4260 102.8500 7.8 1.75
2022 06 02 14 43 58.700 30.4010 102.9060 14.7 1.04
2022 06 02 14 44 30.040 30.4150 102.9100 15.7 1.13
2022 06 02 14 47 02.040 30.5090 102.7980 9.5 1.75
2022 06 02 14 47 55.730 30.3880 102.9210 12.8 0.96
2022 06 02 14 49 10.780 30.3670 102.8880 16.5 1.04
2022 06 02 14 59 19.430 30.4060 102.8980 11.1 1.75
2022 06 02 15 00 20.750 30.4370 102.8910 11.9 1.84
2022 06 02 15 20 19.330 30.3680 102.9050 13.4 0.96
2022 06 02 15 31 38.700 30.3620 102.9210 17.7 0.96
2022 06 02 15 35 49.420 30.3660 102.9000 19.0 1.49
2022 06 02 15 42 04.810 30.3840 102.9160 16.1 1.31
2022 06 02 15 49 44.880 30.4480 102.9290 10.6 1.58
2022 06 02 16 17 59.020 30.3910 102.8460 17.0 1.04
2022 06 02 16 25 01.860 30.4020 102.8960 15.9 1.31
2022 06 02 16 37 12.040 30.3890 102.8760 16.3 1.31
2022 06 02 16 41 50.450 30.3770 102.9110 15.2 0.96
2022 06 02 16 49 01.990 30.4260 102.9090 16.2 2.73
2022 06 02 16 51 08.390 30.3860 102.8680 13.4 1.13
2022 06 02 16 56 32.040 30.4000 102.9160 15.5 0.96
2022 06 02 16 59 27.030 30.3750 102.8980 13.0 1.04
2022 06 02 17 03 35.470 30.3890 102.9180 16.4 1.31
2022 06 02 17 05 10.700 30.3630 102.8650 16.3 1.13
2022 06 02 17 07 16.560 30.3660 102.9150 17.9 1.04
2022 06 02 17 32 14.090 30.3950 102.9010 14.2 1.22
2022 06 02 17 33 33.600 30.3830 102.9090 13.9 0.87
2022 06 02 17 42 23.640 30.4170 102.9060 17.1 1.22
2022 06 02 17 45 19.400 30.3860 102.8650 12.4 1.04
2022 06 02 17 50 46.630 30.3890 102.9200 13.0 0.78
2022 06 02 17 55 16.790 30.2130 102.7450 1.2 1.31
2022 06 02 18 05 15.260 30.3790 102.8600 15.6 1.75
2022 06 02 18 09 39.930 30.4000 102.9510 6.0 1.04
2022 06 02 18 12 03.310 30.3130 102.7250 13.2 1.22
2022 06 02 18 25 52.630 30.2990 102.7070 8.4 1.22
2022 06 02 18 32 16.970 30.3860 102.8860 6.0 0.87
2022 06 02 18 44 36.310 30.4010 102.9190 16.0 1.22
2022 06 02 18 54 33.110 30.4070 102.8810 15.0 1.04
2022 06 02 19 01 11.080 30.3850 102.8770 16.7 1.31
2022 06 02 19 04 00.070 30.3910 102.8970 12.9 2.02
2022 06 02 19 04 59.050 30.3630 102.9080 12.7 1.40
2022 06 02 19 13 52.450 30.4110 102.8960 17.5 1.31
2022 06 02 19 59 34.050 30.3950 102.8730 15.3 0.87
2022 06 02 20 11 35.440 30.4510 102.9500 14.3 1.31
2022 06 02 20 16 12.520 30.3840 102.9060 14.9 2.02
2022 06 02 21 04 26.660 30.3780 102.9490 8.7 1.49
2022 06 02 21 09 01.320 30.3940 102.9230 18.3 1.04
2022 06 02 21 13 21.830 30.4150 102.8970 11.0 1.40
2022 06 02 21 18 46.280 30.3960 102.8880 11.9 2.28
2022 06 02 21 24 46.630 30.4280 102.8970 14.2 1.58
2022 06 02 21 30 00.220 30.5790 102.7700 1.9 0.87
2022 06 02 21 36 40.390 30.4080 102.8890 13.3 1.58
2022 06 02 21 41 53.820 30.2730 102.7140 9.0 1.22
2022 06 02 21 49 45.670 30.2490 102.7230 16.8 1.04
2022 06 02 21 57 22.580 30.3800 102.9240 16.0 1.13
2022 06 02 22 09 38.810 30.4070 102.8900 14.0 1.40
2022 06 02 22 16 51.280 30.4210 102.8890 11.4 1.49
2022 06 02 22 31 13.940 30.4310 102.8970 13.3 1.22
2022 06 02 22 50 22.730 30.3820 102.8880 13.3 1.84
2022 06 02 23 07 31.270 30.4120 102.9060 14.8 1.93
2022 06 02 23 07 46.170 30.4140 102.9130 14.2 1.49
2022 06 02 23 09 00.210 30.3750 102.8660 12.8 1.66
2022 06 02 23 13 10.780 30.4310 102.9080 11.9 1.84
2022 06 02 23 14 57.670 30.4220 102.9150 14.7 1.22
2022 06 02 23 15 02.770 30.4320 102.9050 13.2 1.84
2022 06 02 23 38 56.390 30.3940 102.9290 16.3 1.13
2022 06 02 23 57 32.970 30.4410 102.8690 12.1 0.96
2022 06 03 00 02 21.130 30.3950 102.9010 16.4 1.58
2022 06 03 00 16 04.160 30.4460 102.9220 12.7 1.31
2022 06 03 00 16 10.760 30.4190 102.8970 13.9 1.93
2022 06 03 00 20 42.310 30.4150 102.8900 8.0 1.58
2022 06 03 00 31 07.860 30.4490 102.9340 3.4 1.31
2022 06 03 00 59 33.030 30.3940 102.9020 14.5 1.49
2022 06 03 01 03 24.950 30.4010 102.8550 16.6 1.04
2022 06 03 01 07 14.240 30.3780 102.8650 17.0 0.87
2022 06 03 01 33 10.280 30.3750 102.8730 14.6 1.66
2022 06 03 02 01 08.220 30.4060 102.8760 17.4 0.96
2022 06 03 02 04 34.470 30.4060 102.8760 16.2 0.78
2022 06 03 02 06 11.880 30.3950 102.8850 14.7 1.84
2022 06 03 02 11 39.840 30.3700 102.9230 17.5 0.69
2022 06 03 02 23 53.780 30.3950 102.9200 17.2 2.28
2022 06 03 02 24 46.910 30.3800 102.9220 18.8 1.22
2022 06 03 02 25 47.440 30.3710 102.9150 18.2 1.75
2022 06 03 02 36 44.010 30.4250 102.9170 13.8 0.96
2022 06 03 02 43 34.370 30.4030 102.8800 14.5 1.04
2022 06 03 02 47 00.250 30.3990 102.9090 14.8 1.66
2022 06 03 02 47 58.720 30.3710 102.9120 16.0 1.31
2022 06 03 03 02 57.940 30.4010 102.9260 17.8 0.60
2022 06 03 03 07 54.180 30.3750 102.9320 18.9 1.40
2022 06 03 03 08 41.490 30.3950 102.8700 18.6 1.31
2022 06 03 03 36 03.090 30.3890 102.9130 11.4 1.31
2022 06 03 03 38 26.050 30.3880 102.9230 16.0 0.51
2022 06 03 03 40 30.620 30.4750 102.9230 8.6 1.04
2022 06 03 03 53 37.400 30.3910 102.9050 13.4 0.96
2022 06 03 03 55 43.990 30.3830 102.9150 17.0 0.51
2022 06 03 03 56 58.080 30.3920 102.9220 17.3 0.51
2022 06 03 03 57 20.110 30.4320 102.9270 13.3 0.87
2022 06 03 03 57 41.060 30.4030 102.9080 15.6 0.78
2022 06 03 03 58 31.480 30.3820 102.9100 17.3 0.42
2022 06 03 03 59 21.090 30.4330 102.9130 11.5 1.22
2022 06 03 04 04 43.030 30.4120 102.9310 16.9 1.49
2022 06 03 04 12 52.340 30.4280 102.9270 13.2 1.13
2022 06 03 04 16 32.950 30.3850 102.8710 13.5 1.49
2022 06 03 04 18 14.120 30.3750 102.8800 16.8 0.51
2022 06 03 04 25 45.460 30.4000 102.9160 16.1 0.87
2022 06 03 04 29 01.030 30.3930 102.8850 13.6 1.13
2022 06 03 04 30 56.980 30.3770 102.8900 15.6 2.02
2022 06 03 04 33 54.310 30.3650 102.8880 14.8 1.93
2022 06 03 04 35 11.900 30.4240 102.9050 10.8 1.58
2022 06 03 04 35 51.960 30.4020 102.9040 11.1 1.31
2022 06 03 04 37 54.220 30.3900 102.8910 13.7 0.96
2022 06 03 04 39 01.590 30.4180 102.8870 12.6 1.40
2022 06 03 04 42 07.380 30.3790 102.9170 15.7 1.13
2022 06 03 04 50 15.430 30.4220 102.9120 11.8 1.31
2022 06 03 04 50 59.850 30.4280 102.9210 10.4 1.49
2022 06 03 04 51 51.850 30.3990 102.9260 16.1 0.69
2022 06 03 04 52 20.000 30.3900 102.8510 18.9 1.13
2022 06 03 04 52 46.450 30.3790 102.9170 18.0 0.78
2022 06 03 04 55 37.730 30.3820 102.9240 17.0 0.78
2022 06 03 05 13 02.320 30.4020 102.9100 14.9 1.31
2022 06 03 05 19 04.770 30.4310 102.9320 13.8 0.96
2022 06 03 05 25 35.720 30.3850 102.8730 14.1 1.22
2022 06 03 05 27 00.710 30.3940 102.8890 13.2 1.49
2022 06 03 05 30 42.080 30.3940 102.9050 11.9 0.96
2022 06 03 05 32 08.720 30.4070 102.9390 13.6 1.31
2022 06 03 05 59 30.860 30.3980 102.8950 12.8 2.02
2022 06 03 08 33 06.840 30.4350 102.8410 8.9 1.31
2022 06 03 08 44 24.470 30.4010 102.7080 10.5 1.13
2022 06 03 09 00 23.310 30.4320 102.9400 9.6 1.66
2022 06 03 09 01 17.710 30.3780 102.9000 15.0 1.75
2022 06 03 09 03 47.980 30.4110 102.9120 12.6 0.69
2022 06 03 09 21 07.160 30.4350 102.9040 10.8 1.04
2022 06 03 09 24 21.390 30.3940 102.9070 16.1 1.40
2022 06 03 09 27 18.560 30.4010 102.8780 15.5 0.87
2022 06 03 09 39 00.050 30.4340 102.9070 12.6 1.66
2022 06 03 09 40 49.500 30.3740 102.8650 12.0 1.58
2022 06 03 10 07 36.240 30.3910 102.9250 16.5 1.04
2022 06 03 11 11 59.830 30.3760 102.8860 13.5 2.02
2022 06 03 11 25 42.320 30.3580 102.9050 16.1 1.40
2022 06 03 11 34 51.750 30.3740 102.8960 14.8 2.11
2022 06 03 11 49 25.910 30.4060 102.9170 16.7 1.49
2022 06 03 11 56 06.150 30.3730 102.9130 13.4 1.40
2022 06 03 12 51 15.730 30.4060 102.8870 13.1 1.31
2022 06 03 13 21 56.290 30.4030 102.8940 14.9 1.13
2022 06 03 13 37 54.870 30.4680 102.8010 7.8 1.66
2022 06 03 14 18 35.290 30.3920 102.9230 15.1 1.22
2022 06 03 14 44 21.490 30.3970 102.9050 17.6 1.31
2022 06 03 14 50 26.800 30.4240 102.9060 11.8 2.11
2022 06 03 15 43 00.820 30.4640 102.8400 14.6 1.04
2022 06 03 16 05 55.850 30.4010 102.8930 16.1 1.75
2022 06 03 16 20 26.780 30.4020 102.8860 13.1 2.02
2022 06 03 16 28 07.720 30.4300 102.8790 12.5 1.22
2022 06 03 16 30 13.900 30.4300 102.8590 7.5 2.02
2022 06 03 16 34 40.400 30.3700 102.9150 11.5 1.04
2022 06 03 16 44 08.390 30.6200 103.0000 10.4 1.04
2022 06 03 16 44 31.080 30.6290 102.9820 5.0 1.93
2022 06 03 17 07 57.190 30.3950 102.8850 13.2 1.49
2022 06 03 18 08 49.440 30.3990 102.8940 18.6 1.40
2022 06 03 18 12 27.810 30.3830 102.8990 13.0 1.04
2022 06 03 18 19 04.730 30.4240 102.8750 13.6 1.31
2022 06 03 18 20 37.700 30.4260 102.9520 2.9 1.40
2022 06 03 18 27 42.520 30.3770 102.9490 15.8 0.60
2022 06 03 18 33 02.170 30.2870 102.7680 6.0 1.31
2022 06 03 18 42 22.360 30.3910 102.9570 19.0 1.04
2022 06 03 18 43 32.890 30.3940 102.9470 18.5 1.49
2022 06 03 18 47 22.400 30.3780 102.9190 13.7 1.31
2022 06 03 18 51 57.490 30.3770 102.9030 14.2 1.31
2022 06 03 18 58 22.980 30.3830 102.9080 16.7 1.22
2022 06 03 19 39 00.380 30.4150 102.9050 13.5 0.96
2022 06 03 20 06 12.680 30.4450 102.9210 14.7 1.49
2022 06 03 20 06 35.390 30.4050 102.9080 10.4 1.75
2022 06 03 20 12 43.400 30.3760 102.8840 13.9 1.22
2022 06 03 20 16 24.810 30.3620 102.9070 14.5 1.31
2022 06 03 20 21 47.250 30.3810 102.9020 12.8 1.31
2022 06 03 20 31 09.050 30.3820 102.8830 12.7 1.31
2022 06 03 20 56 09.190 30.4110 102.8920 14.9 0.78
2022 06 03 20 58 34.420 30.3520 102.9220 15.9 0.69
2022 06 03 21 21 05.150 30.4310 102.9190 14.9 0.60
2022 06 03 21 22 39.000 30.3800 102.9130 11.3 1.40
2022 06 03 21 26 27.700 30.4120 102.9220 11.8 1.40
2022 06 03 21 34 14.660 30.4020 102.9170 14.9 1.31
2022 06 03 21 42 27.650 30.4130 102.8980 9.8 1.75
2022 06 03 21 43 03.950 30.3860 102.9090 12.9 0.87
2022 06 03 21 47 12.930 30.3630 102.9790 2.7 0.96
2022 06 03 21 56 33.660 30.4230 102.9700 6.0 0.69
2022 06 03 22 08 41.060 30.3850 102.8980 12.2 1.31
2022 06 03 22 10 06.430 30.4020 102.9430 16.3 1.31
2022 06 03 22 13 50.040 30.4030 102.9020 13.6 1.58
2022 06 03 22 15 39.580 30.4110 102.9220 13.4 1.40
2022 06 03 22 26 24.230 30.6240 102.9890 11.1 0.51
2022 06 03 22 51 31.340 30.3690 102.8790 15.6 0.69
2022 06 03 22 53 01.980 30.4010 102.9420 18.8 0.69
2022 06 03 22 53 19.420 30.4400 102.9080 4.9 1.04
2022 06 03 23 08 32.630 30.4210 102.8800 6.3 0.96
2022 06 03 23 21 19.650 30.4050 102.8990 13.2 0.87
2022 06 03 23 40 30.960 30.3540 102.9040 15.9 1.13
2022 06 03 23 51 14.480 30.3780 102.9070 17.3 1.13
2022 06 04 00 00 07.380 30.4240 102.9120 12.5 0.69
2022 06 04 00 00 45.100 30.4150 102.9140 10.3 1.04
2022 06 04 00 15 31.990 30.4130 102.9330 18.6 0.60
2022 06 04 00 21 15.420 30.3290 102.9400 14.7 0.69
2022 06 04 00 26 57.090 30.4270 102.9170 14.5 0.60
2022 06 04 00 35 14.220 30.4110 102.9150 16.0 1.04
2022 06 04 01 01 56.520 30.4000 102.8940 17.0 0.60
2022 06 04 01 06 42.040 30.3980 102.8980 15.5 1.22
2022 06 04 01 09 46.780 30.4160 102.9140 17.1 1.04
2022 06 04 01 15 01.860 30.4300 102.9150 8.0 1.04
2022 06 04 01 19 34.150 30.4400 102.9020 12.6 2.02
2022 06 04 01 26 53.220 30.4410 102.9070 13.2 1.84
2022 06 04 01 35 26.580 30.4040 102.8990 12.3 1.13
2022 06 04 01 38 02.600 30.4130 102.9060 11.7 1.22
2022 06 04 01 40 56.920 30.3750 102.9100 14.2 0.87
2022 06 04 01 44 52.870 30.4070 102.9260 16.2 0.96
2022 06 04 01 50 33.890 30.3920 102.8800 12.9 0.78
2022 06 04 01 51 34.880 30.4430 102.9090 14.1 2.11
2022 06 04 01 52 52.530 30.4430 102.9140 1.5 1.13
2022 06 04 01 53 44.900 30.4590 102.9060 11.1 1.22
2022 06 04 02 04 15.280 30.3720 102.9060 15.1 1.22
2022 06 04 02 04 55.950 30.4610 102.8920 8.9 0.60
2022 06 04 02 07 53.350 30.4300 102.8770 4.6 1.13
2022 06 04 02 10 56.450 30.3960 102.9310 19.0 0.51
2022 06 04 02 15 40.630 30.4390 102.9120 15.0 2.37
2022 06 04 02 27 19.390 30.4800 102.8760 15.1 0.34
2022 06 04 02 30 44.010 30.4210 102.8780 4.8 0.69
2022 06 04 02 37 12.980 30.4360 102.8920 13.0 1.75
2022 06 04 02 39 27.660 30.3890 102.8980 16.0 0.69
2022 06 04 02 46 51.030 30.4110 102.9350 17.3 0.78
2022 06 04 02 57 48.110 30.4440 102.9050 15.2 0.87
2022 06 04 02 58 06.020 30.3830 102.8830 15.9 1.04
2022 06 04 03 06 57.390 30.3730 102.8910 13.4 1.13
2022 06 04 03 50 25.200 30.4130 102.9060 9.3 1.31
2022 06 04 03 57 33.800 30.4130 102.9050 9.7 1.49
2022 06 04 04 05 59.090 30.4170 102.8900 16.4 -0.017699115044247805
2022 06 04 04 30 49.920 30.3570 102.9610 11.2 0.60
2022 06 04 04 35 10.860 30.4430 102.8930 13.9 0.96
2022 06 04 04 39 48.320 30.4080 102.9290 16.7 0.87
2022 06 04 04 46 01.310 30.4050 102.9210 16.4 0.87
2022 06 04 04 50 04.770 30.3770 102.8970 14.7 1.84
2022 06 04 04 58 33.530 30.4260 102.9220 13.0 1.49
2022 06 04 05 37 56.290 30.3870 102.9140 16.0 1.58
2022 06 04 05 48 38.310 30.4570 102.8990 12.9 0.96
2022 06 04 05 51 31.160 30.3900 102.9240 10.2 1.13
2022 06 04 05 53 39.680 30.3800 102.8950 12.6 1.75
2022 06 04 05 56 12.570 30.3910 102.8990 9.4 1.04
2022 06 04 06 32 49.640 30.3900 102.9000 13.9 1.93
2022 06 04 06 48 02.990 30.3900 102.9100 15.6 1.04
2022 06 04 07 18 36.560 30.4330 102.9060 12.7 1.49
2022 06 04 07 20 28.370 30.4200 102.9110 10.7 1.40
2022 06 04 08 20 11.610 30.4020 102.9280 15.8 1.13
2022 06 04 08 36 04.550 30.2400 102.7440 10.0 0.96
2022 06 04 09 09 47.390 30.2820 102.7300 15.6 0.96
2022 06 04 09 14 41.060 30.4040 102.8930 14.7 2.46
2022 06 04 09 16 04.070 30.4190 102.9220 18.7 1.13
2022 06 04 10 02 11.890 30.4080 102.9310 14.2 1.49
2022 06 04 10 16 38.470 30.3760 102.9180 15.4 1.22
2022 06 04 10 25 02.770 30.3590 102.9010 13.1 1.22
2022 06 04 11 00 59.720 30.3880 102.9140 16.4 1.04
2022 06 04 11 30 53.140 30.3780 102.9020 14.5 1.93
2022 06 04 11 35 10.260 30.4270 102.9190 13.1 1.13
2022 06 04 14 02 57.570 30.3480 102.9010 16.7 0.78
2022 06 04 14 44 24.640 30.3280 102.9180 13.5 0.69
2022 06 04 15 17 49.640 30.4230 102.9160 12.9 1.58
2022 06 04 15 21 31.000 30.4200 102.9690 3.0 1.04
2022 06 04 15 53 45.090 30.4090 102.9060 14.2 1.22
2022 06 04 16 06 17.700 30.3770 102.9040 15.3 0.96
2022 06 04 16 32 01.260 30.3880 102.9280 16.8 1.04
2022 06 04 17 05 22.710 30.3340 102.8730 13.8 0.96
2022 06 04 18 34 00.940 30.4180 102.9150 11.3 1.22
2022 06 04 19 44 39.090 30.3930 102.9200 15.6 1.75
2022 06 04 20 38 26.500 30.4670 102.8710 11.4 0.78
2022 06 04 20 41 15.300 30.4110 102.8920 13.9 0.60
2022 06 04 20 53 16.640 30.3630 102.8960 15.8 2.19
2022 06 04 20 56 28.720 30.2380 102.7100 9.8 1.04
2022 06 04 21 33 06.580 30.4330 102.9060 15.3 0.60
2022 06 04 22 00 11.140 30.4110 102.9200 15.0 0.78
2022 06 04 22 09 23.770 30.3720 102.8970 12.9 0.69
2022 06 04 22 47 20.130 30.3940 102.8960 13.8 0.69
2022 06 04 23 06 05.280 30.4510 102.9190 14.4 0.78
2022 06 04 23 09 52.910 30.3790 102.9000 13.3 0.60
2022 06 04 23 12 31.050 30.4240 102.9220 17.1 0.51
2022 06 04 23 15 10.660 30.3770 102.9270 16.2 0.69
2022 06 04 23 16 20.500 30.4360 102.9140 12.8 1.31
2022 06 04 23 18 18.360 30.3650 102.9740 15.2 0.60
2022 06 04 23 21 54.060 30.4180 102.8710 6.8 0.60
2022 06 04 23 35 09.470 30.6240 102.9930 8.9 1.13
2022 06 04 23 45 11.250 30.4160 102.9070 10.1 1.22
2022 06 04 23 58 14.370 30.4070 102.9230 16.1 0.60
2022 06 05 00 07 32.560 30.3860 102.9090 14.0 0.87
2022 06 05 00 58 49.160 30.4100 102.9260 15.9 0.87
2022 06 05 00 59 55.170 30.4130 102.9250 13.3 0.96
2022 06 05 01 01 32.840 30.4140 102.9040 12.0 1.49
2022 06 05 01 22 58.340 30.3760 102.9150 17.4 0.96
2022 06 05 01 42 29.120 30.3760 102.9010 14.8 1.04
2022 06 05 01 47 34.360 30.4280 102.9210 11.5 2.64
2022 06 05 01 52 14.340 30.3870 102.9290 18.3 0.78
2022 06 05 01 57 45.650 30.4200 102.9230 14.5 1.66
2022 06 05 02 39 03.380 30.4130 102.8920 13.3 1.58
2022 06 05 02 41 19.900 30.4040 102.9240 15.6 0.78
2022 06 05 02 54 28.420 30.4100 102.9210 16.4 1.66
2022 06 05 03 14 55.950 30.4140 102.9180 12.7 1.31
2022 06 05 04 09 22.810 30.4010 102.9050 14.1 1.40
2022 06 05 04 09 35.200 30.4050 102.9000 12.8 1.66
2022 06 05 04 14 10.870 30.4090 102.9370 16.0 1.31
2022 06 05 04 36 10.530 30.4330 102.8910 5.1 1.13
2022 06 05 04 44 00.010 30.4250 102.9090 11.9 1.40
2022 06 05 05 08 19.200 30.4190 102.9100 16.0 0.96
2022 06 05 05 47 38.440 30.3940 102.9000 14.4 1.75
2022 06 05 07 27 16.340 30.4000 102.9130 13.9 1.40
2022 06 05 07 46 10.670 30.4030 102.9110 15.5 0.78
2022 06 05 08 17 19.080 30.3940 102.9300 18.4 0.78
2022 06 05 09 07 45.060 30.3910 102.9180 15.9 1.31
2022 06 05 09 08 33.320 30.4170 102.9350 15.9 1.04
2022 06 05 09 17 21.880 30.3890 102.9070 14.1 1.58
2022 06 05 09 30 02.630 30.4090 102.9310 15.4 1.04
2022 06 05 09 41 14.580 30.4060 102.9350 18.0 0.69
2022 06 05 09 47 58.070 30.4110 102.9050 14.0 0.96
2022 06 05 09 54 25.980 30.3670 102.8980 13.6 0.96
2022 06 05 10 02 58.520 30.4030 102.9180 16.2 0.87
2022 06 05 10 22 02.930 30.4130 102.9060 16.1 0.96
2022 06 05 10 57 46.880 30.4230 102.9180 12.4 0.96
2022 06 05 12 10 06.920 30.4020 102.9200 15.2 0.87
2022 06 05 12 11 31.250 30.4130 102.8890 10.8 2.11
2022 06 05 13 58 03.700 30.3720 102.8880 17.2 1.22
2022 06 05 14 04 52.770 30.3710 102.8920 11.1 1.58
2022 06 05 15 06 17.580 30.4300 102.9160 14.5 1.40
2022 06 05 15 24 56.270 30.3990 102.9190 12.5 1.22
2022 06 05 16 45 53.210 30.3960 102.9070 14.4 1.49
2022 06 05 17 29 14.700 30.3860 102.9220 18.1 0.78
2022 06 05 18 07 59.830 30.4060 102.9170 14.2 0.69
2022 06 05 18 42 13.570 30.3680 102.9000 14.0 0.87
2022 06 05 19 10 21.030 30.3270 102.8840 15.7 0.60
2022 06 05 19 18 48.910 30.3910 102.9150 19.3 0.87
2022 06 05 19 50 23.890 30.3740 102.9140 15.5 1.40
2022 06 05 20 49 18.720 30.4070 102.9380 16.6 0.78
2022 06 05 20 57 02.290 30.3960 102.9070 14.1 1.31
2022 06 05 21 10 55.350 30.3780 102.8710 16.1 0.87
2022 06 05 21 16 25.270 30.3850 102.9170 16.5 0.96
2022 06 05 21 28 26.990 30.3740 102.9190 17.2 0.87
2022 06 05 21 32 32.770 30.3660 102.9130 17.5 0.42
2022 06 05 21 34 39.720 30.3730 102.9150 15.9 1.93
2022 06 05 21 37 00.980 30.3840 102.8990 16.4 0.87
2022 06 05 21 47 00.180 30.3690 102.9220 18.5 0.96
2022 06 05 21 47 20.700 30.3790 102.9200 17.9 0.60
2022 06 05 21 54 09.760 30.4170 102.9100 17.7 0.69
2022 06 05 21 57 19.970 30.3740 102.9130 17.1 0.87
2022 06 05 22 00 27.830 30.3800 102.8960 15.4 1.04
2022 06 05 22 25 51.580 30.4210 102.9040 8.3 1.22
2022 06 05 22 30 17.720 30.4230 102.8580 4.8 1.22
2022 06 05 22 52 06.500 30.4130 102.9100 18.1 0.69
2022 06 05 22 54 08.360 30.3770 102.9070 18.6 2.73
2022 06 05 22 56 06.540 30.3850 102.9140 17.8 0.51
2022 06 05 23 51 32.380 30.4150 102.9410 17.8 0.42
2022 06 06 01 08 26.830 30.4470 102.8600 13.1 1.04
2022 06 06 01 18 20.750 30.3800 102.8960 12.5 1.04
2022 06 06 01 19 44.540 30.4110 102.9220 15.4 1.75
2022 06 06 01 53 18.540 30.4320 102.9550 3.2 0.60
2022 06 06 01 53 55.730 30.4280 102.9170 16.0 0.96
2022 06 06 02 07 03.590 30.3900 102.8940 13.5 1.58
2022 06 06 02 11 35.470 30.4100 102.9090 14.0 0.25
2022 06 06 02 13 30.680 30.4160 102.9270 17.3 1.04
2022 06 06 02 22 27.030 30.4080 102.9100 14.4 2.11
2022 06 06 02 35 32.380 30.4370 102.9080 10.3 1.40
2022 06 06 02 38 15.880 30.3970 102.9060 12.9 1.49
2022 06 06 02 57 15.550 30.3850 102.9090 17.4 0.60
2022 06 06 03 10 45.970 30.4010 102.9150 16.5 0.42
2022 06 06 03 23 10.480 30.4130 102.8950 17.0 0.69
2022 06 06 03 30 00.030 30.4350 102.9070 15.4 0.51
2022 06 06 03 31 20.990 30.3990 102.9230 19.6 0.16
2022 06 06 03 47 43.310 30.4440 102.9080 8.1 0.96
2022 06 06 04 30 43.470 30.4300 102.9210 11.2 1.22
2022 06 06 04 35 00.480 30.3760 102.9170 15.8 1.22
2022 06 06 04 51 52.780 30.3740 102.9330 18.9 0.34
2022 06 06 05 17 27.880 30.4070 102.9110 14.4 0.60
2022 06 06 06 18 59.470 30.3640 102.8950 15.9 0.96
2022 06 06 06 52 35.400 30.3690 102.9030 16.6 0.96
2022 06 06 07 39 28.310 30.4230 102.9200 14.6 0.69
2022 06 06 08 07 09.800 30.4330 102.8960 14.4 2.11
2022 06 06 08 10 43.090 30.3930 102.9260 13.2 0.69
2022 06 06 08 54 46.170 30.3730 102.9050 14.1 0.78
2022 06 06 09 51 50.950 30.3460 102.9060 17.9 0.87
2022 06 06 11 16 52.900 30.3940 102.9240 14.5 1.75
2022 06 06 11 19 45.660 30.4260 102.9290 14.2 1.58
2022 06 06 11 25 09.410 30.3920 102.9320 17.8 1.22
2022 06 06 11 47 22.580 30.4140 102.9230 9.7 0.78
2022 06 06 12 22 51.080 30.3960 102.9410 16.0 1.40
2022 06 06 12 52 41.310 30.3940 102.9100 16.6 1.13
2022 06 06 13 13 08.030 30.4150 102.9210 14.9 0.96
2022 06 06 13 26 31.460 30.3320 102.9010 16.5 0.60
2022 06 06 14 32 11.970 30.3860 102.9130 13.9 1.40
2022 06 06 14 32 26.570 30.4120 102.8460 9.6 1.31
2022 06 06 15 24 45.700 30.3690 102.9060 14.7 0.78
2022 06 06 16 56 10.960 30.4070 102.9270 16.3 1.22
2022 06 06 17 06 28.810 30.4100 102.9310 16.3 0.96
2022 06 06 19 09 09.690 30.3810 102.9210 16.4 1.84
2022 06 06 19 21 18.170 30.3890 102.8730 13.6 1.04
2022 06 06 19 24 41.610 30.3980 102.9020 12.4 1.13
2022 06 06 19 56 28.440 30.4160 102.8780 10.6 1.13
2022 06 06 20 21 33.260 30.3960 102.9020 14.6 2.19
2022 06 06 20 51 43.860 30.3440 102.9000 15.5 0.69
2022 06 06 20 59 45.810 30.3800 102.8630 9.6 0.78
2022 06 06 21 17 27.830 30.3900 102.9160 14.1 0.60
2022 06 06 21 19 12.520 30.3820 102.8870 13.8 1.13
2022 06 06 21 29 47.280 30.3690 102.9090 16.1 0.60
2022 06 06 21 30 01.630 30.4240 102.9170 13.6 1.40
2022 06 06 21 42 19.690 30.4020 102.8740 8.4 0.60
2022 06 06 21 56 16.100 30.4000 102.9100 13.2 1.40
2022 06 06 21 59 37.910 30.4110 102.9110 13.8 0.87
2022 06 06 22 13 11.180 30.3750 102.9090 15.7 1.40
2022 06 06 22 52 08.140 30.4250 102.8900 16.1 0.42
2022 06 06 22 55 16.160 30.3480 102.9120 15.8 0.51
2022 06 06 23 01 49.300 30.6210 102.9780 13.3 0.69
2022 06 07 01 00 03.670 30.4030 102.9570 10.4 0.51
2022 06 07 01 08 40.430 30.3930 102.8850 14.4 0.69
2022 06 07 01 21 36.940 30.3940 102.9280 16.7 0.42
2022 06 07 01 46 35.030 30.4240 102.9140 11.2 1.84
2022 06 07 01 59 50.180 30.4110 102.8940 15.3 0.69
2022 06 07 02 14 51.240 30.3650 102.8940 16.2 0.69
2022 06 07 02 16 27.890 30.3860 102.9020 15.2 0.69
2022 06 07 02 39 08.540 30.4030 102.9140 15.0 1.22
2022 06 07 02 41 26.740 30.3980 102.9100 14.7 1.04
2022 06 07 02 59 13.250 30.3990 102.9140 17.3 0.78
2022 06 07 02 59 50.970 30.4100 102.9120 17.1 0.69
2022 06 07 03 37 18.330 30.4240 102.9090 17.3 0.69
2022 06 07 03 50 58.450 30.4180 102.9150 15.8 0.96
2022 06 07 03 57 36.200 30.3790 102.9150 16.3 2.11
2022 06 07 04 03 12.290 30.4090 102.9130 17.2 0.16
2022 06 07 04 10 32.760 30.4110 102.9290 16.4 0.42
2022 06 07 04 46 21.300 30.3810 102.9190 17.4 0.69
2022 06 07 04 57 41.130 30.3750 102.8910 14.8 1.04
2022 06 07 05 49 54.340 30.4140 102.8940 15.6 0.69
2022 06 07 06 10 00.800 30.4150 102.9170 15.2 1.22
2022 06 07 06 19 04.480 30.2990 102.9220 18.5 0.96
2022 06 07 06 32 03.540 30.3870 102.9060 14.6 0.87
2022 06 07 07 31 54.600 30.3710 102.9000 12.9 1.04
2022 06 07 08 01 58.930 30.3710 102.8980 14.1 1.40
2022 06 07 08 34 03.650 30.3780 102.9300 14.8 0.60
2022 06 07 08 47 05.140 30.4070 102.9700 12.6 1.31
2022 06 07 08 59 31.260 30.4260 102.9010 15.6 1.31
2022 06 07 09 41 58.900 30.4430 102.9180 17.2 0.87
2022 06 07 09 50 29.470 30.4170 102.9310 15.1 1.13
2022 06 07 09 58 52.640 30.4150 102.9110 14.7 1.40
2022 06 07 11 11 35.650 30.4080 102.9250 15.7 1.22
2022 06 07 11 54 17.640 30.3780 102.9140 15.5 1.13
2022 06 07 12 05 53.310 30.4240 102.9200 12.0 2.28
2022 06 07 12 19 05.440 30.4020 102.9640 3.1 2.02
2022 06 07 12 33 06.130 30.4060 102.9660 7.9 1.84
2022 06 07 12 35 25.940 30.4220 102.9600 13.3 1.58
2022 06 07 13 00 40.110 30.3850 102.9140 14.1 0.96
2022 06 07 13 34 39.160 30.3650 102.8920 14.4 0.87
2022 06 07 13 58 50.350 30.3690 102.9100 16.1 0.87
2022 06 07 14 22 03.350 30.4190 102.9160 14.2 0.69
2022 06 07 16 53 38.530 30.3890 102.8940 13.0 2.28
2022 06 07 19 02 37.860 30.3990 102.9130 14.8 1.22
2022 06 07 19 13 42.070 30.3530 102.9160 17.9 0.87
2022 06 07 19 57 51.620 30.4140 102.9250 15.2 1.49
2022 06 07 21 24 34.370 30.4190 102.9170 14.1 2.19
2022 06 07 21 42 26.250 30.3790 102.9130 13.8 1.40
2022 06 07 22 29 02.340 30.4180 102.9100 13.5 0.96
2022 06 07 22 31 08.680 30.4250 102.9270 17.3 0.87
2022 06 07 22 58 57.260 30.3670 102.9240 16.2 0.78
2022 06 07 23 03 49.270 30.4330 102.9110 9.8 1.04
2022 06 08 00 06 14.880 30.2850 102.9270 16.3 0.96
2022 06 08 00 55 22.720 30.4070 102.9200 16.5 0.60
2022 06 08 01 23 27.590 30.3890 102.9410 19.1 3.17
2022 06 08 01 27 28.480 30.4080 102.9020 15.4 1.04
2022 06 08 01 57 56.420 30.4170 102.9170 15.3 0.69
2022 06 08 02 18 07.060 30.4170 102.9200 13.2 0.51
2022 06 08 03 08 22.380 30.3980 102.9020 14.4 2.19
2022 06 08 03 22 27.210 30.4280 102.9160 15.2 0.87
2022 06 08 03 25 36.190 30.4180 102.8960 15.1 0.42
2022 06 08 03 43 50.940 30.4120 102.9160 15.4 0.60
2022 06 08 03 56 35.670 30.4270 102.9240 16.3 0.60
2022 06 08 04 20 05.540 30.3930 102.8820 14.9 0.96
2022 06 08 04 29 03.750 30.4340 102.9310 16.2 1.58
2022 06 08 04 46 43.640 30.3990 102.8980 14.9 0.87
2022 06 08 05 04 45.940 30.3930 102.9340 14.2 0.78
2022 06 08 05 18 08.820 30.3740 102.8910 14.1 1.22
2022 06 08 05 27 31.190 30.3760 102.9100 15.9 0.78
2022 06 08 06 04 05.530 30.4070 102.9340 18.6 0.69
2022 06 08 06 29 27.120 30.4110 102.9130 13.3 1.49
2022 06 08 06 40 52.380 30.4110 102.9430 18.9 1.04
2022 06 08 08 25 21.220 30.3610 102.9110 16.2 0.69
2022 06 08 08 26 43.400 30.3990 102.9110 16.4 2.02
2022 06 08 12 25 00.870 30.3960 102.8790 12.4 1.13
2022 06 08 16 30 41.360 30.7820 102.7590 6.0 1.40
