2018 08 12 00 02 05.480 27.1764 103.7760 23.0 2.22
2018 08 12 00 04 14.808 27.2124 100.7653 0.1 1.13
2018 08 12 01 03 17.772 27.1611 103.7488 23.5 1.85
2018 08 12 01 41 21.709 25.8451 102.1919 33.2 1.17
2018 08 12 01 52 51.757 26.2330 104.5911 13.8 0.75
2018 08 12 01 59 15.328 28.0131 99.5137 29.8 1.25
2018 08 12 02 10 10.832 25.8892 101.3760 6.3 2.37
2018 08 12 02 12 20.927 24.9548 98.4959 9.8 0.18
2018 08 12 02 15 53.521 28.1652 99.4834 0.0 1.89
2018 08 12 02 51 07.459 23.2389 100.6074 0.2 1.14
2018 08 12 03 24 52.834 25.9877 102.6045 13.3 1.82
2018 08 12 03 34 54.879 27.1595 103.3285 27.8 1.99
2018 08 12 03 57 34.227 25.7956 102.7355 46.1 1.45
2018 08 12 04 04 10.966 26.8710 100.7943 16.6 1.34
2018 08 12 04 22 27.283 26.8267 100.8425 25.5 1.34
2018 08 12 04 24 30.021 25.6352 98.8119 8.5 1.7
2018 08 12 06 00 34.424 25.9856 102.5885 13.2 1.5
2018 08 12 06 15 49.703 26.3342 104.4288 13.8 0.42
2018 08 12 06 44 25.341 25.0126 97.8318 16.1 2.0
2018 08 12 07 24 25.385 24.9974 97.8288 0.0 1.88
2018 08 12 07 26 42.156 28.0789 104.7965 25.2 1.3
2018 08 12 08 52 24.158 27.0642 103.9137 41.7 1.55
2018 08 12 08 52 21.376 26.8752 99.1280 49.9 1.76
2018 08 12 08 52 25.396 27.3208 101.7115 49.7 1.41
2018 08 12 08 53 49.558 26.2692 104.4431 16.3 0.85
2018 08 12 11 57 23.198 23.2262 108.3180 10.3 2.65
2018 08 12 12 04 46.797 26.2199 104.5745 18.4 0.52
2018 08 12 13 14 47.087 26.2157 104.5590 17.1 0.47
2018 08 12 13 18 11.016 26.3052 104.5035 15.4 0.45
2018 08 12 15 24 49.379 24.6585 102.3202 2.9 0.93
2018 08 12 15 50 44.021 23.6729 101.1040 27.4 1.68
2018 08 12 15 51 21.956 27.1725 103.2712 15.4 1.68
2018 08 12 16 28 08.651 25.0355 97.8422 10.4 1.56
2018 08 12 18 24 59.230 24.6942 101.8814 42.1 1.76
2018 08 12 18 34 58.606 25.0077 102.1433 15.2 1.85
2018 08 12 19 00 28.847 24.0946 101.6706 32.8 1.27
2018 08 12 19 17 38.301 25.9924 103.9976 8.9 1.61
2018 08 12 19 37 38.834 26.0686 104.0239 13.3 1.48
2018 08 12 19 40 04.804 28.1117 103.6854 0.0 1.54
2018 08 12 20 54 03.850 26.3070 104.4139 18.5 0.5
2018 08 12 20 54 50.386 25.2158 101.7659 14.6 1.18
2018 08 12 22 54 50.141 25.2360 101.8021 29.4 1.12
2018 08 12 22 55 27.412 26.2705 104.5901 12.8 0.36
2018 08 12 22 56 34.394 25.1552 99.9869 5.2 1.26
2018 08 12 23 12 13.839 23.7478 102.3229 11.4 1.53
2018 08 12 23 28 01.254 26.1909 104.6618 9.0 1.86
2018 08 13 00 37 45.038 23.4785 103.1148 12.2 1.29
2018 08 13 01 23 41.324 28.5861 104.6144 0.1 1.19
2018 08 13 01 23 29.868 21.7456 103.1598 35.2 2.09
2018 08 13 01 24 52.484 26.7339 100.0585 14.7 1.42
2018 08 13 01 41 42.078 24.1861 102.7183 8.8 2.75
2018 08 13 01 44 24.717 24.1798 102.7172 10.7 4.83
2018 08 13 01 47 58.952 24.1896 102.7287 10.8 2.43
2018 08 13 01 48 17.507 24.1838 102.7267 9.3 3.67
2018 08 13 01 49 10.948 24.1817 102.7246 10.3 3.47
2018 08 13 01 49 23.384 24.1779 102.7266 10.8 3.93
2018 08 13 01 50 36.578 24.1965 102.7667 14.6 2.17
2018 08 13 01 50 54.478 24.1817 102.7394 10.1 2.0
2018 08 13 01 51 40.163 24.1663 102.7057 12.2 1.64
2018 08 13 01 54 42.685 24.1770 102.7245 9.4 1.74
2018 08 13 01 55 19.978 24.1714 102.7230 9.6 3.15
2018 08 13 01 57 33.583 24.2091 102.7647 11.2 1.08
2018 08 13 01 57 51.640 24.2089 102.7548 12.0 1.17
2018 08 13 01 57 58.896 24.1862 102.7309 10.3 1.34
2018 08 13 01 58 16.518 24.1807 102.7406 11.0 1.0
2018 08 13 01 59 06.128 24.1920 102.7514 12.6 0.74
2018 08 13 01 59 21.278 24.1874 102.7267 8.6 1.92
2018 08 13 02 00 28.743 24.1843 102.7469 13.0 0.8
2018 08 13 02 01 07.666 24.1910 102.7006 2.3 0.92
2018 08 13 02 01 18.043 24.1808 102.7251 8.7 1.67
2018 08 13 02 02 06.052 24.1808 102.7257 10.6 1.08
2018 08 13 02 02 53.688 24.1816 102.7265 8.3 1.33
2018 08 13 02 03 19.269 24.1822 102.7204 9.8 1.9
2018 08 13 02 03 48.434 24.1929 102.7062 7.3 1.74
2018 08 13 02 03 57.127 24.1803 102.7281 9.1 1.6
2018 08 13 02 04 19.018 24.2383 102.7203 10.8 1.15
2018 08 13 02 04 59.510 24.1937 102.7315 10.4 1.84
2018 08 13 02 05 14.695 24.1742 102.7245 9.1 1.98
2018 08 13 02 05 50.825 24.1885 102.7518 12.4 0.62
2018 08 13 02 07 05.987 24.1944 102.7285 10.2 1.38
2018 08 13 02 07 34.262 24.1914 102.7434 12.5 0.57
2018 08 13 02 07 56.901 24.1953 102.7233 9.2 0.89
2018 08 13 02 08 04.216 24.1838 102.7504 14.5 1.62
2018 08 13 02 08 38.542 24.1898 102.7387 8.6 0.61
2018 08 13 02 09 05.645 24.1836 102.4976 33.3 0.87
2018 08 13 02 09 16.329 24.2260 102.7192 10.0 0.73
2018 08 13 02 09 48.359 24.1846 102.7417 10.6 0.62
2018 08 13 02 10 03.967 24.1884 102.7297 9.0 0.93
2018 08 13 02 11 31.547 24.2297 102.6696 4.9 1.1
2018 08 13 02 12 34.627 24.1979 102.7279 11.0 1.48
2018 08 13 02 12 48.950 24.1918 102.7306 9.3 1.29
2018 08 13 02 13 31.755 24.1806 102.7447 11.8 0.48
2018 08 13 02 13 50.867 24.2053 102.7439 10.6 0.83
2018 08 13 02 14 22.927 24.2401 102.7941 5.2 0.9
2018 08 13 02 15 00.506 24.1694 102.7744 13.4 0.57
2018 08 13 02 15 25.422 24.1754 102.7241 10.1 1.21
2018 08 13 02 16 53.837 24.1785 102.7351 11.1 0.66
2018 08 13 02 17 38.103 24.1765 102.7249 9.5 2.03
2018 08 13 02 18 07.064 24.1818 102.7165 9.0 1.41
2018 08 13 02 20 10.543 24.1846 102.7250 8.5 1.32
2018 08 13 02 21 47.645 24.1904 102.7237 9.3 1.19
2018 08 13 02 22 02.511 24.1924 102.7449 12.2 0.72
2018 08 13 02 24 11.670 24.1802 102.7093 16.7 1.08
2018 08 13 02 25 01.178 24.1982 102.7449 12.2 0.69
2018 08 13 02 25 41.190 24.1822 102.7145 8.7 1.34
2018 08 13 02 27 54.113 24.1965 102.7262 9.7 1.81
2018 08 13 02 29 13.261 24.1878 102.7192 6.9 2.41
2018 08 13 02 30 23.980 24.1930 102.7223 8.0 3.55
2018 08 13 02 31 15.157 24.1760 102.7321 10.4 1.63
2018 08 13 02 31 09.802 27.0206 101.5311 24.8 1.74
2018 08 13 02 31 03.381 23.1686 100.0542 47.7 2.26
2018 08 13 02 32 25.462 24.1908 102.7274 7.9 1.22
2018 08 13 02 32 56.226 24.1959 102.7507 12.8 1.04
2018 08 13 02 33 18.578 24.1852 102.7252 8.3 1.37
2018 08 13 02 33 53.595 25.2804 100.2811 9.6 0.64
2018 08 13 02 36 02.204 24.1930 102.7268 8.4 1.0
2018 08 13 02 37 16.591 24.1953 102.7292 9.9 1.2
2018 08 13 02 39 10.430 24.2601 103.0584 25.0 1.17
2018 08 13 02 42 00.553 24.1913 102.7363 11.8 0.84
2018 08 13 02 49 29.887 24.1747 102.7286 8.6 1.19
2018 08 13 02 52 54.456 24.2483 102.8123 2.9 0.67
2018 08 13 02 53 13.204 24.1813 102.7457 12.3 0.44
2018 08 13 02 53 28.404 24.1940 102.7283 10.3 0.99
2018 08 13 02 56 07.431 24.1865 102.7559 0.0 1.27
2018 08 13 02 56 35.589 24.1819 102.7293 9.7 1.26
2018 08 13 02 57 17.298 24.1954 102.7240 9.1 1.08
2018 08 13 02 57 49.211 24.1968 102.7306 10.7 1.06
2018 08 13 02 59 29.694 24.1884 102.7277 9.8 1.14
2018 08 13 02 59 39.769 24.1893 102.7283 8.5 1.24
2018 08 13 03 00 32.506 24.1936 102.7286 9.0 1.43
2018 08 13 03 02 10.664 24.2447 102.7985 6.1 0.38
2018 08 13 03 03 38.407 24.1928 102.7275 8.6 1.03
2018 08 13 03 05 17.381 24.1846 102.7421 13.1 1.14
2018 08 13 03 06 27.895 24.2014 102.7520 13.8 0.56
2018 08 13 03 09 21.085 24.1969 102.7364 9.3 1.03
2018 08 13 03 10 19.348 24.1887 102.7427 11.3 1.08
2018 08 13 03 10 59.002 24.1973 102.7270 9.7 0.95
2018 08 13 03 11 55.578 24.1947 102.7520 13.7 1.01
2018 08 13 03 17 42.049 24.1775 102.7177 8.1 2.91
2018 08 13 03 18 21.508 25.5444 100.2014 43.4 0.81
2018 08 13 03 18 41.363 24.1906 102.7478 13.0 0.93
2018 08 13 03 22 53.339 24.1844 102.7292 10.1 0.8
2018 08 13 03 23 30.487 24.1833 102.7293 10.2 1.48
2018 08 13 03 23 55.222 24.1902 102.7454 12.5 0.96
2018 08 13 03 25 10.037 24.2292 102.7896 12.1 0.73
2018 08 13 03 26 32.391 24.1885 102.7178 9.0 1.3
2018 08 13 03 29 39.595 24.1731 102.7181 9.0 1.05
2018 08 13 03 31 39.999 24.1885 102.7441 11.1 0.64
2018 08 13 03 32 23.163 24.1841 102.7216 8.3 1.44
2018 08 13 03 34 08.734 24.1722 102.7229 13.3 0.72
2018 08 13 03 34 34.679 24.1839 102.7235 9.9 1.72
2018 08 13 03 35 12.186 24.1854 102.7275 10.0 2.11
2018 08 13 03 36 13.540 24.1883 102.7257 10.1 1.13
2018 08 13 03 37 28.585 24.1959 102.7494 10.7 0.66
2018 08 13 03 38 32.993 24.1873 102.7224 10.3 2.65
2018 08 13 03 39 21.650 24.1924 102.7454 12.2 0.92
2018 08 13 03 39 11.628 23.2697 98.3872 15.8 1.36
2018 08 13 03 40 30.307 24.1634 102.7134 11.4 1.0
2018 08 13 03 40 55.271 24.1908 102.7320 11.0 1.29
2018 08 13 03 46 00.056 24.1889 102.7488 10.8 0.55
2018 08 13 03 46 56.920 24.1890 102.7519 13.6 0.57
2018 08 13 03 50 22.478 24.1764 102.7296 10.4 1.14
2018 08 13 03 53 35.942 24.1891 102.7422 11.2 0.79
2018 08 13 03 54 11.756 24.1873 102.7377 8.7 0.64
2018 08 13 03 58 18.810 24.1899 102.7220 10.0 1.04
2018 08 13 03 59 17.151 24.1796 102.7240 9.3 1.14
2018 08 13 03 59 50.881 24.1932 102.7277 10.2 2.54
2018 08 13 04 00 03.813 24.1871 102.7287 9.5 2.09
2018 08 13 04 01 09.844 24.2204 102.7674 9.6 0.58
2018 08 13 04 04 34.847 24.1864 102.7239 10.4 1.2
2018 08 13 04 08 36.281 24.1937 102.7417 9.8 0.73
2018 08 13 04 09 04.754 24.2130 102.7031 3.6 1.85
2018 08 13 04 13 47.091 24.1901 102.7300 9.6 1.81
2018 08 13 04 17 54.870 24.1929 102.7266 8.0 0.95
2018 08 13 04 21 22.091 24.1836 102.7404 9.4 0.86
2018 08 13 04 25 34.579 24.1787 102.7221 9.4 1.81
2018 08 13 04 27 15.978 24.1790 102.7440 12.1 0.95
2018 08 13 04 29 34.928 24.1777 102.7222 11.1 1.58
2018 08 13 04 33 36.088 24.1814 102.7231 9.7 1.94
2018 08 13 04 34 27.490 24.1918 102.7362 9.3 0.61
2018 08 13 04 34 57.600 24.1591 102.3167 26.4 0.79
2018 08 13 04 44 21.248 24.1975 102.7461 11.0 0.49
2018 08 13 04 45 44.761 24.1940 102.7264 8.8 1.19
2018 08 13 04 48 16.591 24.1272 102.6672 9.9 0.51
2018 08 13 04 48 35.319 24.1779 102.7170 7.6 2.74
2018 08 13 04 52 22.353 24.1932 102.7461 13.3 0.7
2018 08 13 05 03 13.985 24.1935 102.7454 11.1 0.84
2018 08 13 05 05 09.400 24.1966 102.7433 11.3 0.85
2018 08 13 05 17 57.531 24.1765 102.7266 9.8 1.13
2018 08 13 05 21 23.849 26.3209 104.4615 21.1 0.98
2018 08 13 05 24 27.260 24.1889 102.7388 11.1 0.63
2018 08 13 05 24 52.000 26.2338 99.9087 6.6 1.08
2018 08 13 05 26 40.424 26.0011 99.6442 8.3 1.54
2018 08 13 05 27 03.484 24.1875 102.7254 8.5 1.28
2018 08 13 05 27 32.083 24.1957 102.7409 10.9 1.43
2018 08 13 05 36 45.629 24.1915 102.7398 11.4 0.94
2018 08 13 05 45 46.887 24.1946 102.7510 11.0 0.52
2018 08 13 05 46 29.664 24.1846 102.7269 10.0 0.94
2018 08 13 05 52 43.175 24.9640 97.4944 37.8 1.71
2018 08 13 06 00 11.049 24.1809 102.7213 7.9 1.25
2018 08 13 06 09 47.001 27.7015 100.3459 33.5 1.24
2018 08 13 06 16 22.789 24.1856 102.7351 8.4 0.52
2018 08 13 06 22 08.718 24.1824 102.7156 7.5 1.3
2018 08 13 06 22 22.295 24.1912 102.7301 10.5 1.31
2018 08 13 06 24 48.472 25.7361 100.7333 5.3 1.12
2018 08 13 06 27 13.132 24.1883 102.7293 10.7 1.28
2018 08 13 06 32 10.198 24.1851 102.7364 10.8 0.73
2018 08 13 06 33 10.988 23.5183 105.6968 7.0 2.08
2018 08 13 06 36 43.870 24.1767 102.7266 8.9 1.38
2018 08 13 06 49 57.313 24.1814 102.7110 6.9 1.17
2018 08 13 07 07 20.406 24.1774 102.7257 10.3 1.24
2018 08 13 07 08 39.089 24.1892 102.7619 11.5 0.84
2018 08 13 07 10 31.733 24.1767 102.7206 8.5 2.13
2018 08 13 07 23 05.289 24.2152 102.7397 12.8 0.75
2018 08 13 07 28 46.442 25.9605 98.5035 0.4 1.39
2018 08 13 07 42 20.075 24.1905 102.7281 9.8 1.04
2018 08 13 07 58 34.555 24.2265 102.7782 4.6 0.66
2018 08 13 08 20 51.803 24.8271 102.7404 10.4 1.96
2018 08 13 08 23 14.135 26.2117 104.5087 2.1 0.5
2018 08 13 08 28 11.315 24.0729 102.6429 10.2 0.71
2018 08 13 08 30 39.887 25.6808 104.1914 31.6 0.52
2018 08 13 08 37 04.002 24.1876 102.7479 13.6 1.34
2018 08 13 08 41 20.111 24.1893 102.7276 8.5 0.98
2018 08 13 08 51 47.531 27.3635 103.4873 29.3 2.23
2018 08 13 08 57 46.030 27.6680 100.0697 50.0 2.46
2018 08 13 08 57 58.448 27.3744 99.9918 10.1 2.42
2018 08 13 09 12 05.495 24.1986 102.7310 7.3 1.41
2018 08 13 09 34 06.342 24.1851 102.7254 10.7 1.82
2018 08 13 09 48 27.209 24.1852 102.7286 10.3 1.22
2018 08 13 09 49 05.533 24.1778 102.7216 9.0 1.23
2018 08 13 10 05 10.334 24.2027 102.6807 29.1 1.31
2018 08 13 10 08 48.807 24.2521 102.8274 4.9 0.98
2018 08 13 10 17 34.767 24.1898 102.7523 12.1 0.71
2018 08 13 10 19 35.638 24.1795 102.7490 14.9 0.26
2018 08 13 10 20 15.547 24.2027 102.7645 11.1 0.3
2018 08 13 10 33 28.098 24.2537 102.8252 0.1 0.56
2018 08 13 10 38 16.615 24.2130 102.7750 12.2 0.69
2018 08 13 10 40 13.562 24.2090 102.7573 14.3 3.42
2018 08 13 10 41 05.441 23.1878 99.2078 4.1 1.57
2018 08 13 10 44 53.309 24.2104 102.7661 13.2 0.9
2018 08 13 10 45 38.620 24.0055 102.8648 19.7 1.22
2018 08 13 10 50 09.573 24.2196 102.7696 13.1 0.45
2018 08 13 10 51 39.698 24.2023 102.7548 13.3 1.49
2018 08 13 10 58 03.540 24.2114 102.7623 12.5 0.68
2018 08 13 11 12 05.592 24.2089 102.7557 15.0 0.37
2018 08 13 11 14 14.730 24.1313 102.6834 14.6 0.97
2018 08 13 11 15 36.232 24.1943 102.7577 13.4 1.26
2018 08 13 11 25 11.477 24.1993 102.7536 12.6 1.29
2018 08 13 11 30 04.035 24.1500 102.7508 10.4 1.25
2018 08 13 11 33 22.446 23.5591 104.8064 45.2 2.12
2018 08 13 11 33 31.793 23.9433 102.6007 16.9 0.52
2018 08 13 11 35 02.446 29.0253 104.1150 9.1 2.13
2018 08 13 11 35 44.578 24.2105 102.7691 12.7 0.84
2018 08 13 11 42 41.000 25.2417 100.6401 11.4 1.6
2018 08 13 11 45 01.467 24.1931 102.7518 13.1 1.05
2018 08 13 11 45 06.491 26.6136 101.7684 12.5 1.4
2018 08 13 11 45 00.101 28.4882 99.1336 22.7 2.17
2018 08 13 11 46 29.263 24.1260 102.6289 7.4 0.9
2018 08 13 11 46 38.505 27.1255 102.0908 28.0 1.75
2018 08 13 11 46 52.011 24.8573 99.9612 14.0 1.19
2018 08 13 11 51 02.930 24.1873 102.7502 13.8 1.32
2018 08 13 11 55 41.587 24.1837 102.7490 12.3 1.18
2018 08 13 11 56 41.782 23.8719 102.5424 10.5 0.72
2018 08 13 12 01 02.896 24.1874 102.7532 13.8 1.26
2018 08 13 12 03 15.840 24.2479 102.8214 7.5 0.26
2018 08 13 12 27 06.768 26.9321 100.2061 23.3 1.39
2018 08 13 12 27 45.761 23.3553 104.1732 2.8 1.6
2018 08 13 12 28 36.803 24.1147 102.6497 5.8 0.26
2018 08 13 12 38 50.013 24.1116 102.6525 1.5 0.9
2018 08 13 12 49 41.556 28.1080 104.8757 13.3 1.41
2018 08 13 12 51 16.332 24.1166 102.6431 0.1 2.29
2018 08 13 12 51 54.657 24.1824 102.7154 8.4 2.0
2018 08 13 12 54 05.921 24.1049 102.6448 0.0 1.46
2018 08 13 13 35 08.798 24.1931 102.7154 11.0 0.65
2018 08 13 13 37 03.872 24.1611 102.7071 10.2 0.54
2018 08 13 13 47 53.972 24.1728 102.7060 10.4 0.59
2018 08 13 13 50 24.463 24.1852 102.7223 9.6 1.9
2018 08 13 14 00 24.475 24.1859 102.7246 9.8 1.86
2018 08 13 14 02 44.568 24.1864 102.7195 8.3 1.28
2018 08 13 14 05 02.314 25.2219 99.1802 0.0 1.26
2018 08 13 14 17 53.818 24.1725 102.6995 10.9 0.63
2018 08 13 14 25 24.975 24.1666 102.7148 9.6 1.23
2018 08 13 14 26 10.103 24.1590 102.7015 9.0 0.64
2018 08 13 14 28 01.705 24.1658 102.7128 10.3 0.56
2018 08 13 14 42 59.959 24.1812 102.7053 9.8 0.94
2018 08 13 15 18 04.177 24.1823 102.7209 9.8 1.97
2018 08 13 15 33 54.950 24.1751 102.7135 10.4 0.55
2018 08 13 15 42 39.189 24.1975 102.7226 10.0 1.41
2018 08 13 15 54 41.346 24.1226 102.6444 4.5 0.24
2018 08 13 15 55 23.969 24.1610 102.7098 9.9 0.43
2018 08 13 16 03 38.249 24.2021 102.7250 8.8 1.11
2018 08 13 16 16 07.820 24.2458 102.7705 3.1 0.29
2018 08 13 16 16 40.793 24.1828 102.7086 9.7 0.28
2018 08 13 16 37 58.025 24.1844 102.7172 10.4 0.64
2018 08 13 16 39 13.437 24.1959 102.7316 9.6 1.51
2018 08 13 16 40 27.768 24.0977 102.6473 5.1 0.39
2018 08 13 16 40 44.988 24.1817 102.7119 10.6 1.77
2018 08 13 16 43 34.399 24.1938 102.7181 10.3 0.42
2018 08 13 16 53 34.646 24.1909 102.7204 9.4 0.39
2018 08 13 16 54 57.968 26.5626 101.5244 10.9 1.56
2018 08 13 16 58 39.905 26.2064 104.5491 11.8 0.76
2018 08 13 17 02 38.771 24.1834 102.7094 10.6 0.5
2018 08 13 17 03 54.446 26.2651 104.6687 8.2 0.21
2018 08 13 17 09 55.603 24.1951 102.7043 11.0 0.61
2018 08 13 17 41 09.190 22.0684 100.2725 6.1 1.65
2018 08 13 17 42 04.908 24.1885 102.7231 10.7 0.63
2018 08 13 17 48 20.266 24.1785 102.7238 11.1 0.5
2018 08 13 17 53 43.098 24.1904 102.7059 9.8 1.2
2018 08 13 18 12 39.182 26.2844 104.6069 11.8 0.78
2018 08 13 18 14 43.448 26.0641 104.5242 10.6 1.34
2018 08 13 18 15 50.521 24.1648 102.6980 11.3 0.55
2018 08 13 18 25 42.831 24.1710 102.7134 8.0 0.57
2018 08 13 18 27 05.064 24.1865 102.7182 9.5 1.16
2018 08 13 18 28 07.884 24.1751 102.7137 10.1 0.54
2018 08 13 18 31 01.187 24.1854 102.7209 10.3 2.91
2018 08 13 18 33 21.002 24.1967 102.7181 9.0 1.63
2018 08 13 18 36 52.358 24.1841 102.7197 10.5 1.21
2018 08 13 18 39 28.794 24.1775 102.6959 11.0 0.18
2018 08 13 18 46 52.499 24.1853 102.7270 9.7 1.26
2018 08 13 18 48 37.818 26.2307 104.5604 22.2 1.66
2018 08 13 18 50 44.774 24.1963 102.7283 8.0 0.55
2018 08 13 18 51 54.428 24.1788 102.7138 9.2 0.35
2018 08 13 18 56 52.419 24.1868 102.7280 9.8 1.26
2018 08 13 18 58 48.422 24.1644 102.7106 10.4 0.59
2018 08 13 18 59 08.816 24.0941 101.6848 5.6 1.46
2018 08 13 19 02 22.720 24.1996 102.7168 9.5 0.62
2018 08 13 19 05 00.977 24.1905 102.7227 6.8 0.88
2018 08 13 19 07 50.460 24.1921 102.7299 8.7 1.3
2018 08 13 19 22 41.623 24.1787 102.7167 9.4 1.18
2018 08 13 19 34 47.926 29.0631 104.0265 0.0 2.07
2018 08 13 19 39 47.620 24.1895 102.7249 9.4 1.21
2018 08 13 19 41 17.417 24.1894 102.7080 9.0 1.62
2018 08 13 19 43 50.796 24.1838 102.7218 9.4 0.73
2018 08 13 19 58 24.722 24.1747 102.7294 8.7 1.55
2018 08 13 20 05 26.224 24.1020 102.6312 3.1 0.17
2018 08 13 20 08 24.632 24.1775 102.7284 9.2 1.56
2018 08 13 20 10 27.294 24.1851 102.7260 9.6 1.55
2018 08 13 20 17 58.782 24.1933 102.7165 8.9 0.23
2018 08 13 20 18 20.422 24.1779 102.7091 9.5 0.68
2018 08 13 20 18 40.295 25.1210 98.1603 28.5 0.75
2018 08 13 20 19 43.499 24.1434 102.6804 8.2 0.15
2018 08 13 20 19 56.807 24.1872 102.7267 9.5 2.53
2018 08 13 20 25 07.441 24.1860 102.7252 8.5 1.15
2018 08 13 20 27 48.138 24.1660 102.7099 10.8 0.62
2018 08 13 20 58 40.074 24.1730 102.7153 8.1 0.38
2018 08 13 21 28 01.343 24.1702 102.7131 11.1 0.8
2018 08 13 21 30 05.640 24.1806 102.7215 7.4 1.31
2018 08 13 21 31 48.169 24.1757 102.6511 4.0 0.42
2018 08 13 21 45 07.430 24.1858 102.7246 8.6 1.15
2018 08 13 21 46 59.501 24.1897 102.7239 8.9 1.65
2018 08 13 21 50 34.449 24.1825 102.7177 10.1 2.27
2018 08 13 21 51 51.842 24.1997 102.7355 9.6 1.51
2018 08 13 21 52 20.586 24.2491 102.7600 6.5 0.07
2018 08 13 21 59 48.283 24.1870 102.7242 9.8 1.59
2018 08 13 22 19 48.227 24.1885 102.7251 9.9 1.54
2018 08 13 22 21 45.795 24.2000 102.7218 8.9 1.55
2018 08 13 22 22 50.984 24.1837 102.7155 7.8 1.09
2018 08 13 22 36 01.232 24.1833 102.7157 9.8 1.19
2018 08 13 22 37 44.974 24.1902 102.7210 9.7 1.18
2018 08 13 22 38 30.289 24.1880 102.7216 8.7 0.69
2018 08 13 22 42 17.238 24.1883 102.7200 9.5 0.69
2018 08 13 22 50 56.042 24.2254 102.7380 6.4 0.16
2018 08 13 22 51 24.705 24.3529 102.4988 12.7 0.55
2018 08 13 23 01 22.103 24.1585 102.6964 9.7 0.39
2018 08 13 23 04 05.461 24.1957 102.7257 9.2 0.93
2018 08 13 23 05 22.192 24.2546 102.7558 5.6 0.32
2018 08 13 23 09 00.039 24.1882 102.7243 7.3 1.31
2018 08 13 23 11 21.200 24.2081 102.7416 4.4 0.28
2018 08 13 23 18 59.726 24.1782 102.7086 9.4 1.29
2018 08 13 23 20 20.405 24.1885 102.7267 9.1 1.01
2018 08 13 23 23 28.814 24.2017 102.7042 12.1 0.17
2018 08 13 23 23 59.592 27.2885 103.3666 14.7 1.26
2018 08 13 23 31 22.170 25.0399 98.4803 4.2 0.28
2018 08 13 23 31 17.661 23.2941 98.2361 28.3 1.52
2018 08 13 23 36 30.203 24.1759 102.7115 8.5 0.2
2018 08 13 23 37 35.983 24.1568 102.6959 9.7 0.19
2018 08 13 23 37 58.690 24.1946 102.7406 7.4 -0.0
2018 08 13 23 52 57.957 24.1939 102.7249 8.7 0.87
2018 08 13 23 54 00.453 24.2538 102.7663 6.5 0.05
2018 08 14 00 05 37.800 24.1937 102.7206 9.3 1.36
2018 08 14 00 14 41.374 24.1700 102.7119 11.0 0.21
2018 08 14 00 16 14.967 24.2009 102.7382 9.2 1.07
2018 08 14 00 19 15.381 24.1051 102.6381 0.7 -0.16
2018 08 14 00 20 40.098 24.1971 102.7055 10.1 -0.1
2018 08 14 00 24 04.879 24.1769 102.7332 12.8 1.46
2018 08 14 00 31 26.504 25.0504 99.4467 11.4 1.06
2018 08 14 00 35 29.611 24.1793 102.7234 8.3 0.95
2018 08 14 00 36 10.627 26.2049 104.6080 13.2 0.3
2018 08 14 00 44 41.698 24.1752 102.7277 8.5 0.72
2018 08 14 00 46 16.356 28.0375 101.3338 31.2 1.54
2018 08 14 00 47 52.284 24.1905 102.7237 9.4 0.7
2018 08 14 00 05 37.854 24.1982 102.7220 8.8 1.31
2018 08 14 00 14 41.053 24.1588 102.7619 15.4 0.24
2018 08 14 00 16 14.949 24.2057 102.7333 9.4 1.07
2018 08 14 00 19 15.326 24.1099 102.6382 3.1 -0.16
2018 08 14 00 20 40.089 24.1970 102.7055 10.2 -0.1
2018 08 14 00 24 04.876 24.1769 102.7327 12.8 1.46
2018 08 14 00 31 26.490 25.0491 99.4484 12.1 1.06
2018 08 14 00 35 29.602 24.1801 102.7231 8.3 0.94
2018 08 14 00 36 10.404 26.2101 104.6105 14.8 0.57
2018 08 14 00 44 41.688 24.1760 102.7278 8.6 0.72
2018 08 14 00 46 16.282 28.0572 101.3398 27.4 1.54
2018 08 14 00 47 52.284 24.1906 102.7231 9.4 0.7
2018 08 14 00 57 32.702 24.1919 102.7228 8.1 1.22
2018 08 14 01 03 59.968 25.4290 101.6755 15.4 1.58
2018 08 14 01 21 36.034 24.2267 102.7308 11.7 0.27
2018 08 14 01 36 09.819 26.2505 104.5729 11.7 0.34
2018 08 14 01 49 12.596 24.1921 102.6499 6.1 0.85
2018 08 14 01 51 47.946 26.3113 104.5448 8.9 0.71
2018 08 14 01 54 50.285 24.1944 102.6698 5.8 0.51
2018 08 14 01 56 16.229 28.1198 104.8891 0.0 1.92
2018 08 14 01 04 00.289 25.4283 101.6723 10.3 1.57
2018 08 14 01 21 36.015 24.2274 102.7297 11.7 0.27
2018 08 14 01 36 09.818 26.2868 104.4659 16.5 0.19
2018 08 14 01 49 12.568 24.1928 102.6484 6.0 0.85
2018 08 14 01 59 17.127 25.3090 100.4330 12.9 0.86
2018 08 14 02 14 50.186 24.1942 102.6635 5.7 0.49
2018 08 14 02 16 16.985 29.0183 98.8743 6.9 2.12
2018 08 14 02 23 15.276 24.1916 102.6691 6.1 0.79
2018 08 14 02 28 35.320 24.1890 102.7474 10.8 0.53
2018 08 14 02 36 09.465 24.1930 102.7317 12.4 1.33
2018 08 14 02 38 39.849 25.3144 101.5218 9.7 1.05
2018 08 14 02 43 15.203 24.1986 102.7410 14.7 0.66
2018 08 14 02 44 51.597 24.1806 102.7022 4.6 1.63
2018 08 14 02 51 55.960 24.1917 102.6507 3.9 -0.1
2018 08 14 02 52 13.314 24.1957 102.6447 2.8 0.05
2018 08 14 02 53 24.043 24.1720 102.6907 5.1 0.25
2018 08 14 01 59 17.130 25.3087 100.4322 12.9 0.8
2018 08 14 02 14 50.205 24.1955 102.6659 5.9 0.4
2018 08 14 02 16 17.466 28.9176 98.8657 40.8 2.04
2018 08 14 02 23 16.422 24.1895 102.7071 3.3 0.65
2018 08 14 02 28 35.837 24.1815 102.7059 5.6 0.6
2018 08 14 02 36 09.468 24.1931 102.7312 12.4 1.42
2018 08 14 02 38 39.800 25.3172 101.5118 9.1 0.99
2018 08 14 02 43 15.225 24.1978 102.7409 14.6 0.74
2018 08 14 02 44 16.188 24.1882 102.6659 5.5 -0.1
2018 08 14 02 44 51.519 24.1785 102.7229 7.9 1.48
2018 08 14 03 11 40.705 24.1946 102.6564 5.8 0.54
2018 08 14 03 12 26.647 26.0866 99.5837 13.8 0.3
2018 08 14 03 48 39.306 24.1944 102.6732 6.0 -0.03
2018 08 14 03 49 19.051 24.1809 102.7253 11.9 0.27
2018 08 14 03 50 36.956 24.1925 102.7186 8.2 4.73
2018 08 14 03 51 15.592 24.1825 102.6622 4.9 3.35
2018 08 14 03 51 27.444 24.1555 102.7613 12.7 2.69
2018 08 14 03 51 49.208 24.2130 102.6271 0.8 2.45
2018 08 14 03 52 31.974 24.1911 102.6816 4.4 3.65
2018 08 14 03 53 14.682 24.1825 102.6532 3.9 1.71
2018 08 14 03 53 30.212 24.1826 102.6489 6.6 1.64
2018 08 14 03 53 42.559 24.1965 102.6493 4.2 2.48
2018 08 14 03 54 20.729 24.1941 102.7477 13.5 2.07
2018 08 14 03 55 08.019 24.1823 102.7239 7.1 2.76
2018 08 14 03 55 23.400 24.1951 102.6527 2.5 2.77
2018 08 14 03 56 00.335 24.1879 102.6710 4.7 1.44
2018 08 14 03 11 40.916 24.1970 102.7442 14.6 0.56
2018 08 14 03 12 26.710 26.0888 99.5839 13.0 0.39
2018 08 14 03 48 39.305 24.1970 102.6600 1.0 0.11
2018 08 14 03 49 19.089 24.1822 102.7244 11.6 0.41
2018 08 14 03 49 56.949 24.1884 102.6813 4.9 -0.26
2018 08 14 03 56 35.068 24.2010 102.6255 1.6 0.89
2018 08 14 03 58 09.001 24.1704 102.7080 10.1 0.39
2018 08 14 03 58 48.263 24.1704 102.7161 10.7 1.44
2018 08 14 03 59 03.070 24.1914 102.6612 4.3 0.39
2018 08 14 03 59 39.095 24.1811 102.7276 7.5 1.72
2018 08 14 04 00 44.588 24.1840 102.6369 3.0 0.47
2018 08 14 04 00 49.841 24.1594 102.6157 0.0 0.21
2018 08 14 04 01 15.131 24.1860 102.7264 9.3 1.55
2018 08 14 04 01 23.779 24.1773 102.7227 8.5 2.0
2018 08 14 04 01 51.164 24.1825 102.6334 6.6 0.39
2018 08 14 04 02 32.918 24.1980 102.6215 1.8 1.62
2018 08 14 04 03 17.890 24.1841 102.7078 2.9 0.89
2018 08 14 04 03 45.512 24.1841 102.7032 3.7 2.12
2018 08 14 04 05 21.876 24.1748 102.7195 10.3 2.05
2018 08 14 04 06 07.575 24.1759 102.6574 3.4 0.45
2018 08 14 04 06 42.608 24.1857 102.6842 4.7 2.45
2018 08 14 04 07 24.105 24.1996 102.6455 5.7 1.22
2018 08 14 04 07 43.126 24.1966 102.6580 7.4 2.78
2018 08 14 04 09 44.428 24.2021 102.6568 4.7 0.69
2018 08 14 04 11 23.577 24.1875 102.6409 4.1 0.51
2018 08 14 04 12 47.049 24.1841 102.7049 3.9 0.94
2018 08 14 04 13 01.428 24.1869 102.4899 0.1 0.8
2018 08 14 04 13 28.411 23.7746 102.7128 0.0 0.83
2018 08 14 04 14 18.143 24.1867 102.6708 4.5 0.24
2018 08 14 04 14 42.457 24.1897 102.7274 9.6 1.26
2018 08 14 04 14 59.882 24.1851 102.6418 6.3 0.27
2018 08 14 04 15 09.336 24.1441 102.6165 4.4 0.24
2018 08 14 03 59 39.100 24.1810 102.7282 7.5 1.69
2018 08 14 04 00 07.536 24.1953 102.6668 5.1 0.22
2018 08 14 04 00 44.702 24.1865 102.6403 3.0 0.49
2018 08 14 04 01 15.096 24.1890 102.7278 9.5 1.59
2018 08 14 04 00 49.829 24.1614 102.6152 0.0 0.18
2018 08 14 04 01 24.203 24.1825 102.7164 2.8 1.94
2018 08 14 04 01 51.210 24.2184 102.6151 2.6 0.21
2018 08 14 04 02 33.930 24.1879 102.7246 9.3 1.51
2018 08 14 04 03 17.886 24.1830 102.7103 2.9 0.89
2018 08 14 04 03 45.571 24.1891 102.7187 2.2 2.05
2018 08 14 04 05 22.089 24.1817 102.7150 4.0 2.09
2018 08 14 04 06 07.598 24.1770 102.6588 3.5 0.55
2018 08 14 04 06 42.876 24.1908 102.7242 3.1 2.32
2018 08 14 04 07 43.722 24.1920 102.7289 11.1 2.66
2018 08 14 04 07 23.762 24.2260 102.6173 3.4 1.17
2018 08 14 04 17 01.289 24.1726 102.6566 3.2 0.04
2018 08 14 04 17 33.556 24.1900 102.6567 5.1 0.33
2018 08 14 04 18 11.678 24.1974 102.6411 3.5 0.8
2018 08 14 04 18 23.811 24.1885 102.6506 4.9 0.27
2018 08 14 04 18 59.348 24.1861 102.7253 7.8 1.88
2018 08 14 04 20 53.791 24.1953 102.7375 14.5 0.95
2018 08 14 04 21 17.760 24.1795 102.6603 3.7 0.85
2018 08 14 04 22 12.878 24.1882 102.6665 4.6 1.16
2018 08 14 04 23 39.710 24.1949 102.7183 1.4 1.34
2018 08 14 04 24 22.948 24.1776 102.6428 5.9 0.04
2018 08 14 04 26 01.439 24.1940 102.6131 0.6 0.78
2018 08 14 04 28 43.370 24.1775 102.6763 3.2 0.25
2018 08 14 04 28 52.285 24.1847 102.7132 3.7 0.92
2018 08 14 04 30 08.133 24.1786 102.6507 3.1 0.9
2018 08 14 04 30 17.182 24.1943 102.6537 4.6 0.89
2018 08 14 04 30 55.875 24.1927 102.7533 10.6 0.5
2018 08 14 04 31 20.796 24.1826 102.6729 4.0 0.44
2018 08 14 04 31 38.110 24.2020 102.6527 5.2 0.41
2018 08 14 04 31 49.022 24.1919 102.6515 1.1 0.75
2018 08 14 04 32 11.688 24.1842 102.6329 5.9 0.38
2018 08 14 04 32 45.956 24.1777 102.6632 3.6 0.56
2018 08 14 04 35 00.657 24.1840 102.7004 6.2 0.49
2018 08 14 04 35 35.936 24.2114 102.6303 3.3 0.54
2018 08 14 04 36 00.885 24.2428 102.6980 1.3 0.13
2018 08 14 04 37 08.131 24.1895 102.6855 4.7 1.34
2018 08 14 04 37 42.988 24.1729 102.7189 10.6 1.49
2018 08 14 04 38 48.174 24.1929 102.7288 8.6 1.17
2018 08 14 04 39 09.179 24.1897 102.6546 4.9 0.24
2018 08 14 04 39 27.115 24.1706 102.7642 13.6 0.33
2018 08 14 04 41 17.682 24.1946 102.6625 8.4 -0.04
2018 08 14 04 41 45.470 24.1768 102.6606 3.0 0.62
2018 08 14 04 42 15.050 24.1891 102.6430 4.1 0.26
2018 08 14 04 43 54.316 24.1231 102.6841 5.7 -0.07
2018 08 14 04 44 02.858 24.1950 102.6661 6.0 0.4
2018 08 14 04 44 35.400 24.1850 102.7251 7.5 1.01
2018 08 14 04 44 51.934 24.1891 102.7275 9.0 1.72
2018 08 14 04 45 04.070 24.1888 102.7243 9.7 2.01
2018 08 14 04 45 42.765 24.1699 102.6424 3.7 0.35
2018 08 14 04 45 56.130 24.1948 102.7290 9.8 1.44
2018 08 14 04 46 48.570 24.2066 102.6476 4.2 1.46
2018 08 14 04 48 18.201 24.1863 102.6365 2.9 0.03
2018 08 14 04 49 18.589 24.1910 102.6611 4.0 0.56
2018 08 14 04 49 43.273 24.1896 102.6710 6.0 0.02
2018 08 14 04 51 37.384 24.1936 102.6402 4.8 0.29
2018 08 14 04 53 41.026 23.9195 102.6968 14.6 0.42
2018 08 14 04 54 53.425 24.1901 102.6531 4.2 0.19
2018 08 14 04 57 13.252 24.1849 102.6494 3.6 0.3
2018 08 14 04 57 42.530 24.1971 102.7422 15.3 1.99
2018 08 14 04 58 34.963 24.1873 102.6356 6.2 1.51
2018 08 14 04 59 04.281 24.1874 102.7246 8.7 1.48
2018 08 14 04 59 51.803 24.1884 102.7245 8.6 1.08
2018 08 14 05 00 07.026 24.1891 102.6938 4.3 2.1
2018 08 14 05 00 43.492 24.1798 102.7268 12.8 0.55
2018 08 14 05 02 10.904 24.1838 102.7210 8.2 0.78
2018 08 14 05 02 44.904 24.1911 102.6637 6.4 -0.01
2018 08 14 05 02 53.575 24.1732 102.6610 3.1 -0.1
2018 08 14 05 04 10.584 24.1622 102.7625 13.9 0.09
2018 08 14 05 04 23.124 24.1923 102.7240 8.3 1.07
2018 08 14 05 06 34.059 24.1177 102.6934 4.0 0.05
2018 08 14 05 07 28.657 26.1841 104.6456 9.8 0.98
2018 08 14 05 08 36.252 24.1888 102.7205 9.2 1.43
2018 08 14 05 10 08.206 24.1825 102.7025 4.4 0.63
2018 08 14 05 13 11.747 24.1913 102.7277 9.1 1.57
2018 08 14 05 13 43.305 24.1979 102.7343 14.6 0.59
2018 08 14 05 14 22.015 24.1847 102.6442 3.8 -0.08
2018 08 14 05 17 59.942 24.2027 102.7557 14.9 0.28
2018 08 14 05 18 38.308 24.2017 102.6612 7.4 -0.02
2018 08 14 05 21 29.042 24.1890 102.6608 4.4 0.04
2018 08 14 05 23 49.580 24.1750 102.6612 0.0 1.97
2018 08 14 05 25 13.316 24.1835 102.6288 3.0 -0.05
2018 08 14 05 26 59.929 24.1901 102.7283 10.9 0.88
2018 08 14 05 28 26.165 24.1887 102.7285 10.0 2.51
2018 08 14 05 29 41.221 22.4071 98.7173 10.5 1.62
2018 08 14 05 30 26.471 24.1870 102.6838 5.1 -0.01
2018 08 14 05 30 32.517 24.1830 102.7740 14.3 -0.03
2018 08 14 05 30 44.497 24.1769 102.6693 3.2 -0.13
2018 08 14 05 30 51.388 24.1600 102.7514 13.5 0.22
2018 08 14 05 31 00.911 24.1815 102.6540 4.1 0.19
2018 08 14 05 33 18.197 24.1921 102.6574 4.8 1.5
2018 08 14 05 33 35.395 24.1908 102.6441 5.0 0.75
2018 08 14 05 33 44.405 24.1826 102.6483 4.8 0.58
2018 08 14 05 34 50.731 24.1878 102.7279 11.3 0.21
2018 08 14 05 35 59.812 24.2039 102.7534 9.9 0.82
2018 08 14 05 36 41.473 24.1918 102.7267 12.3 1.13
2018 08 14 05 37 29.436 24.1932 102.7451 13.9 0.42
2018 08 14 05 41 59.251 24.1851 102.6611 4.0 0.17
2018 08 14 05 43 58.951 24.1754 102.6576 3.1 0.78
2018 08 14 05 44 22.946 24.1877 102.7263 9.0 1.61
2018 08 14 05 46 01.512 24.0982 102.7202 1.1 0.28
2018 08 14 05 47 00.668 24.1896 102.7260 8.8 1.24
2018 08 14 05 47 23.223 24.1918 102.7473 14.4 0.32
2018 08 14 05 48 38.050 24.1914 102.6775 6.2 -0.16
2018 08 14 05 48 51.094 24.1796 102.6420 2.9 0.16
2018 08 14 05 50 11.268 24.1952 102.6845 6.4 -0.13
2018 08 14 05 55 07.731 24.1907 102.6237 4.7 0.48
2018 08 14 05 55 22.999 24.1934 102.6352 3.5 0.11
2018 08 14 05 55 37.552 24.1957 102.6465 4.1 -0.0
2018 08 14 05 55 46.336 24.1824 102.5826 12.2 0.0
2018 08 14 05 56 20.691 24.1548 102.7169 12.5 0.39
2018 08 14 05 56 50.643 24.1637 102.7225 12.7 0.06
2018 08 14 05 57 13.342 24.1796 102.6796 4.9 -0.04
2018 08 14 05 59 06.621 24.1989 102.6503 3.3 1.51
2018 08 14 06 41 58.946 24.2016 102.7612 12.9 0.55
2018 08 14 06 42 51.926 24.1922 102.7520 9.6 0.89
2018 08 14 07 08 22.445 24.1119 102.7571 15.5 0.59
2018 08 14 07 09 54.012 24.1907 102.7219 10.1 0.99
2018 08 14 07 10 29.271 24.1790 102.7286 12.3 0.58
2018 08 14 07 13 18.287 24.1926 102.7279 11.0 1.39
2018 08 14 07 15 44.323 24.0849 102.6961 2.8 0.41
2018 08 14 07 17 13.173 24.1827 102.6579 3.2 1.55
2018 08 14 07 20 29.356 24.1859 102.7172 8.7 0.62
2018 08 14 07 29 32.208 24.2001 102.7478 14.9 2.59
2018 08 14 07 33 46.207 24.1801 102.6450 5.7 1.1
2018 08 14 07 34 24.200 24.1911 102.6557 0.6 0.38
2018 08 14 07 40 20.917 24.1735 102.6490 2.8 1.48
2018 08 14 07 40 51.201 24.1992 102.6406 4.6 1.24
2018 08 14 07 42 10.113 24.1986 102.6432 4.0 0.56
2018 08 14 07 44 12.829 24.1834 102.6652 4.2 0.89
2018 08 14 07 54 12.806 24.1838 102.6640 4.1 0.98
2018 08 14 07 55 40.405 24.1816 102.6620 0.4 1.04
2018 08 14 07 55 57.635 24.1826 102.6386 3.8 0.89
2018 08 14 07 56 41.781 24.2043 102.6711 5.2 1.75
2018 08 14 07 57 47.891 24.1805 102.6359 5.9 0.89
2018 08 14 08 02 10.431 24.1881 102.6750 5.0 3.08
2018 08 14 08 02 51.874 24.1827 102.6929 4.8 1.31
2018 08 14 08 18 58.956 24.1956 102.6733 6.4 1.54
2018 08 14 08 20 32.889 24.1869 102.7249 11.5 0.71
2018 08 14 08 22 00.773 24.1813 102.6629 4.0 0.57
2018 08 14 08 28 49.394 24.1920 102.6655 6.7 0.98
2018 08 14 08 31 56.450 24.1692 102.6442 6.5 0.6
2018 08 14 08 33 14.388 24.1737 102.7247 9.7 2.4
2018 08 14 08 35 16.815 24.1825 102.7297 15.6 1.23
2018 08 14 08 35 31.318 24.1838 102.7442 13.5 0.82
2018 08 14 08 36 44.582 24.2043 102.7451 15.2 1.16
2018 08 14 08 39 40.613 24.1733 102.6562 2.7 0.34
2018 08 14 08 40 06.848 24.1734 102.6527 2.8 0.84
2018 08 14 08 42 35.565 24.1871 102.7261 9.0 1.05
2018 08 14 08 43 40.588 24.1762 102.6599 3.7 0.33
2018 08 14 08 44 59.040 24.1707 102.7344 12.5 1.17
2018 08 14 08 50 04.127 24.1916 102.7284 10.6 1.44
2018 08 14 08 50 41.299 24.2024 102.7479 16.0 0.94
2018 08 14 08 51 54.788 24.1714 102.6455 3.1 0.66
2018 08 14 08 53 23.238 24.1914 102.7317 10.3 1.28
2018 08 14 08 55 04.348 24.1793 102.7023 6.0 1.03
2018 08 14 09 10 15.685 24.1991 102.6752 5.2 2.86
2018 08 14 09 11 12.935 24.1965 102.7371 11.3 1.5
2018 08 14 09 12 10.167 24.1326 102.6999 5.9 0.51
2018 08 14 09 12 29.807 24.1934 102.7259 11.0 2.09
2018 08 14 09 13 06.349 24.1968 102.6689 6.5 0.89
2018 08 14 09 13 38.497 24.2005 102.6471 5.4 0.96
2018 08 14 09 14 17.092 24.1936 102.6509 6.0 0.4
2018 08 14 09 16 01.774 26.2858 104.5810 15.7 1.85
2018 08 14 09 37 20.002 24.2059 102.6386 5.5 0.89
2018 08 14 09 38 07.282 26.2808 104.5981 13.1 1.14
2018 08 14 09 40 12.179 24.1939 102.7258 10.1 1.14
2018 08 14 09 52 57.439 24.1980 102.6533 5.8 1.04
2018 08 14 09 53 40.403 24.1838 102.7441 12.8 0.96
2018 08 14 09 57 14.777 24.1910 102.7333 10.8 1.18
2018 08 14 10 03 43.322 24.1942 102.7301 9.7 1.69
2018 08 14 10 20 25.373 24.2061 102.6383 3.8 0.61
2018 08 14 10 27 20.485 24.2023 102.7363 14.6 0.93
2018 08 14 10 30 32.832 24.1894 102.7209 11.3 0.6
2018 08 14 10 34 32.969 24.1933 102.7400 9.6 1.15
2018 08 14 10 40 13.155 24.1896 102.6592 3.9 0.87
2018 08 14 10 48 46.066 24.1856 102.6714 4.6 0.69
2018 08 14 10 50 08.102 26.2918 104.5893 11.1 0.1
2018 08 14 10 51 48.497 24.1993 102.7479 11.3 0.99
2018 08 14 10 52 46.343 24.1949 102.6498 6.3 0.71
2018 08 14 10 57 03.238 24.1839 102.6943 4.6 0.72
2018 08 14 10 57 32.880 24.2064 102.6704 6.5 0.92
2018 08 14 11 00 06.181 24.1342 102.6582 0.0 0.35
2018 08 14 11 00 42.492 24.2146 102.6379 4.3 0.62
2018 08 14 11 00 35.791 22.2180 101.2036 27.2 2.25
2018 08 14 11 00 52.939 24.1846 102.6619 3.8 0.85
2018 08 14 11 01 16.332 24.1064 102.6948 3.4 0.61
2018 08 14 11 01 39.257 24.1740 102.7013 3.4 1.22
2018 08 14 11 03 20.592 26.9074 100.5324 24.5 1.31
2018 08 14 11 09 55.947 24.1226 102.7028 5.8 0.87
2018 08 14 11 11 27.000 24.1875 102.6728 4.9 0.44
2018 08 14 11 12 24.005 24.1629 102.7618 6.8 0.43
2018 08 14 11 28 06.041 24.1970 102.8395 19.4 1.45
2018 08 14 11 31 50.920 24.1354 102.7051 4.1 0.74
2018 08 14 11 32 09.489 25.2942 100.2674 14.4 1.55
2018 08 14 11 33 06.594 28.0059 101.0881 15.5 1.73
2018 08 14 11 37 04.707 24.1839 102.7438 11.8 0.46
2018 08 14 11 39 07.940 24.1842 102.7461 12.1 0.68
2018 08 14 12 03 38.127 24.2018 102.7089 4.6 1.03
2018 08 14 12 13 17.524 26.2689 104.5518 4.6 0.61
2018 08 14 12 16 30.147 27.1793 103.7762 23.9 2.05
2018 08 14 12 20 10.232 24.1925 102.7328 11.3 1.14
2018 08 14 12 20 44.403 24.1535 102.6746 9.6 0.31
2018 08 14 12 22 21.859 24.8326 102.1452 12.3 1.54
2018 08 14 12 25 28.039 24.1900 102.7396 16.3 0.88
2018 08 14 12 26 46.846 24.1432 102.7126 7.4 0.84
2018 08 14 12 32 22.152 24.2584 102.1291 43.1 1.41
2018 08 14 12 34 18.404 26.9728 100.2004 27.6 1.55
2018 08 14 12 41 13.551 24.1914 102.7285 11.0 1.84
2018 08 14 12 41 31.383 27.8559 101.1626 1.2 2.98
2018 08 14 12 48 32.774 23.7715 102.6195 14.5 1.19
2018 08 14 12 48 50.768 26.3102 104.3112 21.0 2.02
2018 08 14 12 49 22.251 24.1911 102.7305 10.4 1.42
2018 08 14 12 53 46.489 24.1915 102.7264 16.1 0.87
2018 08 14 13 02 57.819 24.1822 102.6891 4.0 3.16
2018 08 14 13 03 47.608 24.1773 102.6796 3.7 1.12
2018 08 14 13 08 01.886 24.1602 102.7211 12.6 0.4
2018 08 14 13 17 31.955 24.1835 102.6547 0.0 0.98
2018 08 14 13 28 06.365 25.7891 104.0059 36.1 1.93
2018 08 14 13 30 41.115 24.1984 102.7397 14.3 1.05
2018 08 14 13 31 40.303 27.8015 103.1251 31.8 1.42
2018 08 14 13 32 35.590 24.1872 102.6481 4.2 0.85
2018 08 14 13 33 42.356 24.1127 102.7024 1.8 0.68
2018 08 14 13 46 29.615 29.3049 105.5247 17.1 2.34
2018 08 14 13 46 52.313 24.1709 102.7267 10.3 1.33
2018 08 14 14 21 09.485 24.2090 102.6462 1.5 0.98
2018 08 14 14 25 48.738 24.1849 102.6417 1.9 0.7
2018 08 14 14 25 57.181 24.1777 102.6533 6.0 0.6
2018 08 14 14 30 00.877 24.1982 102.7401 10.0 1.36
2018 08 14 14 30 50.648 24.1840 102.6814 5.6 0.23
2018 08 14 14 40 01.071 24.1964 102.7360 8.7 1.36
2018 08 14 14 41 59.552 24.1948 102.6446 5.9 0.67
2018 08 14 14 48 04.150 24.1691 102.7377 10.5 1.2
2018 08 14 14 49 44.674 25.3291 99.7051 27.5 1.09
2018 08 14 14 50 29.023 24.1879 102.6492 4.4 0.25
2018 08 14 14 51 01.477 26.0986 104.4410 19.5 0.5
2018 08 14 15 00 29.108 24.1889 102.6537 4.4 0.24
2018 08 14 15 04 15.585 25.9936 105.4640 49.6 1.01
2018 08 14 15 06 50.115 24.1563 102.7064 10.7 0.38
2018 08 14 15 48 09.307 24.1849 102.6964 4.9 1.16
2018 08 14 15 53 12.062 24.1993 102.6433 5.1 0.35
2018 08 14 15 53 30.901 24.0992 102.6856 2.8 0.6
2018 08 14 15 53 35.082 21.9930 101.1157 16.5 1.41
2018 08 14 15 56 05.062 25.8055 100.4106 20.6 1.18
2018 08 14 15 58 08.909 24.2011 102.7413 9.6 1.22
2018 08 14 16 07 45.543 24.1965 102.6460 4.8 0.27
2018 08 14 16 08 17.998 24.1742 102.6519 2.9 0.48
2018 08 14 16 10 13.692 28.1581 103.4923 10.3 1.96
2018 08 14 16 20 39.471 26.2670 104.5825 10.2 1.16
2018 08 14 16 34 21.659 24.3172 98.4750 7.3 1.75
2018 08 14 16 38 58.218 24.1875 102.7384 11.4 1.3
2018 08 14 16 45 23.085 24.1664 102.7057 10.1 0.38
2018 08 14 17 04 13.815 26.1580 104.5402 21.9 1.43
2018 08 14 17 05 06.575 24.1689 102.7135 8.7 0.31
2018 08 14 17 07 31.994 24.1732 102.7126 8.7 0.26
2018 08 14 17 10 42.636 26.2698 104.5750 8.7 0.96
2018 08 14 17 20 42.909 26.2034 104.6382 4.1 0.86
2018 08 14 17 22 40.393 24.1852 102.7075 9.7 0.93
2018 08 14 17 28 20.842 24.1184 102.6572 7.2 0.22
2018 08 14 17 41 31.125 23.9985 102.4732 5.5 1.73
2018 08 14 17 45 56.323 26.9387 100.2266 21.0 0.99
2018 08 14 17 54 14.994 24.1238 102.6569 6.9 0.23
2018 08 14 17 56 03.855 26.5062 104.6067 2.1 -0.12
2018 08 14 17 59 13.703 24.1781 102.7210 6.6 1.48
2018 08 14 18 00 44.379 23.4756 104.2345 0.1 1.77
2018 08 14 18 00 56.526 26.2692 104.6015 13.4 0.79
2018 08 14 18 03 04.416 24.1633 102.7093 6.9 0.37
2018 08 14 18 06 29.024 25.2229 100.5455 19.3 0.63
2018 08 14 18 10 44.332 23.4775 104.2329 0.0 1.75
2018 08 14 18 10 56.365 26.2348 104.4238 14.1 1.02
2018 08 14 18 12 42.789 24.1851 102.7166 9.9 0.35
2018 08 14 18 17 53.164 26.1968 104.6417 11.9 1.75
2018 08 14 18 19 03.398 24.1968 102.7209 9.2 0.97
2018 08 14 18 22 33.052 24.1756 102.7262 9.1 1.01
2018 08 14 18 28 52.715 24.1773 102.7155 9.5 0.52
2018 08 14 18 29 54.359 24.1220 101.6570 0.0 1.61
2018 08 14 18 32 23.996 24.1230 102.6577 5.7 0.37
2018 08 14 18 32 58.288 24.1925 102.7213 6.9 0.84
2018 08 14 18 42 58.347 24.1927 102.7228 6.6 0.84
2018 08 14 18 55 51.658 25.5864 100.0051 9.0 0.94
2018 08 14 18 56 04.704 24.1688 102.7127 11.0 0.5
2018 08 14 18 58 08.237 24.0959 101.6671 33.8 1.22
2018 08 14 18 59 40.861 24.2050 101.4866 49.9 1.12
2018 08 14 19 03 19.845 24.2072 102.6956 8.2 0.56
2018 08 14 19 14 56.152 27.6854 100.9560 11.1 1.65
2018 08 14 19 24 31.911 24.0636 105.2824 0.2 1.95
2018 08 14 19 35 32.083 24.1650 102.7097 9.4 0.17
2018 08 14 19 56 54.111 24.1734 102.7127 7.9 0.47
2018 08 14 20 09 46.421 26.5847 101.5250 8.2 1.43
2018 08 14 20 30 04.541 24.9648 98.6968 13.0 0.91
2018 08 14 20 44 42.723 24.1774 102.7203 9.7 1.2
2018 08 14 20 56 54.317 24.1770 102.7132 8.5 0.3
2018 08 14 21 05 46.582 25.6020 99.9928 7.1 0.62
2018 08 14 21 09 02.293 23.4272 100.4471 7.5 1.24
2018 08 14 21 19 41.009 26.2111 104.5942 14.9 1.18
2018 08 14 21 44 59.854 24.1838 102.7114 8.1 2.04
2018 08 14 21 51 14.980 24.1780 102.7123 10.8 0.4
2018 08 14 22 04 28.877 25.9979 104.7262 0.1 1.87
2018 08 14 22 17 37.721 27.3002 100.8875 5.4 1.47
2018 08 14 22 24 29.139 26.3456 104.2256 3.7 1.92
2018 08 14 22 26 07.635 24.1635 102.7646 14.4 0.65
2018 08 14 22 50 18.573 26.2144 104.7434 6.7 1.22
2018 08 14 22 55 22.085 24.1869 102.6636 0.2 0.35
2018 08 14 23 03 34.642 24.1943 102.7367 15.1 0.65
2018 08 14 23 42 42.778 26.3735 104.2998 31.9 1.95
2018 08 14 23 43 15.306 24.1831 102.7183 9.1 0.92
2018 08 15 00 00 11.888 24.1992 102.7258 9.2 0.97
2018 08 15 00 13 34.944 24.1908 102.6979 9.4 0.48
2018 08 15 00 24 21.426 24.1804 102.7101 11.1 -0.08
2018 08 15 00 29 07.355 24.2350 104.9094 17.5 1.97
2018 08 15 00 50 08.649 24.1832 102.6773 10.7 0.03
2018 08 15 01 07 38.840 24.1760 102.6885 9.7 0.27
2018 08 15 01 09 27.286 24.1796 102.7164 9.1 1.1
2018 08 15 01 14 12.946 24.2631 102.6964 25.6 1.5
2018 08 15 01 16 07.782 24.1762 102.7122 8.1 1.05
2018 08 15 01 26 07.753 24.1824 102.7098 8.3 1.08
2018 08 15 01 27 41.646 24.1861 102.7221 9.5 0.92
2018 08 15 01 36 10.876 26.2269 104.5964 17.6 0.63
2018 08 15 01 38 42.593 24.1720 102.7054 9.7 -0.09
2018 08 15 01 44 14.529 24.1802 102.7233 14.0 1.42
2018 08 15 01 52 16.928 24.2001 102.7202 6.1 0.62
2018 08 15 01 52 53.061 24.1752 102.7049 9.2 -0.05
2018 08 15 01 56 31.191 24.1735 102.7110 10.5 0.31
2018 08 15 02 00 21.346 24.1928 102.7150 8.1 1.11
2018 08 15 02 04 33.964 24.2321 102.7520 6.7 -0.3
2018 08 15 02 05 11.085 24.1572 102.7019 10.3 0.41
2018 08 15 02 21 16.799 24.2220 102.7596 3.2 -0.06
2018 08 15 02 22 45.683 24.1812 102.6830 8.2 0.45
2018 08 15 02 27 21.755 24.1839 102.7048 10.4 0.06
2018 08 15 02 37 45.619 24.1922 102.6844 10.5 -0.13
2018 08 15 02 39 23.693 24.1827 102.6796 10.2 -0.14
2018 08 15 02 45 01.426 24.1748 102.7236 8.9 0.4
2018 08 15 02 50 30.277 24.1900 102.7044 11.1 0.04
2018 08 15 03 00 59.139 24.1762 102.7135 8.9 0.15
2018 08 15 03 19 04.896 24.1948 102.6907 11.8 0.14
2018 08 15 03 34 28.547 26.3074 104.4064 15.7 0.4
2018 08 15 03 44 28.517 26.3089 104.4065 15.8 0.39
2018 08 15 03 45 58.285 24.1939 102.7232 7.1 0.93
2018 08 15 03 47 57.008 24.1936 102.7029 10.9 -0.19
2018 08 15 03 48 18.613 24.1552 102.7104 9.5 0.2
2018 08 15 03 50 44.317 25.8848 101.4102 0.0 1.43
2018 08 15 03 55 31.792 24.1779 102.7162 7.0 3.29
2018 08 15 03 57 10.771 24.2178 102.7476 3.2 0.64
2018 08 15 04 21 54.167 24.1813 102.7238 9.3 0.09
2018 08 15 04 25 32.641 24.0113 102.6413 42.6 2.6
2018 08 15 04 40 54.306 22.8928 101.0666 0.6 1.62
2018 08 15 04 51 33.444 24.1739 102.7143 11.1 0.05
2018 08 15 04 56 12.348 24.1746 102.7235 9.6 1.46
2018 08 15 04 56 55.263 27.0929 103.3706 30.7 1.37
2018 08 15 05 00 12.134 26.2054 104.5965 7.8 0.96
2018 08 15 05 02 38.426 21.5670 101.7804 6.0 2.01
2018 08 15 05 03 16.669 21.4518 101.7146 20.3 1.81
2018 08 15 05 32 38.687 21.5812 101.7657 4.9 1.87
2018 08 15 05 34 36.721 24.1692 102.6890 9.7 -0.05
2018 08 15 05 34 46.941 24.1890 102.7219 9.4 0.73
2018 08 15 05 40 11.229 26.1771 104.6616 3.2 1.98
2018 08 15 06 14 26.512 25.7505 100.0119 15.6 0.8
2018 08 15 06 21 16.883 24.1803 102.7160 9.6 0.63
2018 08 15 06 35 49.762 24.1626 102.6998 10.5 0.32
2018 08 15 06 38 48.110 24.1774 102.7110 9.6 0.2
2018 08 15 06 40 01.125 24.1080 102.6411 4.6 0.31
2018 08 15 06 49 48.977 26.2257 104.5424 0.0 1.73
2018 08 15 06 50 46.711 24.1865 102.7559 9.3 0.78
2018 08 15 07 00 46.590 24.1957 102.4859 37.6 0.67
2018 08 15 07 03 01.167 24.1978 102.7153 5.5 1.57
2018 08 15 07 23 08.397 24.1690 102.7077 10.1 0.53
2018 08 15 07 33 08.325 24.1185 102.6524 5.8 0.44
2018 08 15 07 34 59.610 24.1912 102.7107 9.0 0.27
2018 08 15 07 49 49.550 24.2160 102.7431 6.1 0.41
2018 08 15 07 52 56.786 26.0250 104.5406 0.1 -0.0
2018 08 15 08 02 53.982 24.1970 102.7254 8.8 1.11
2018 08 15 08 21 43.196 24.1749 102.7275 9.4 1.38
2018 08 15 08 25 38.434 24.1982 102.7303 8.1 1.45
2018 08 15 08 28 18.028 24.1770 102.7103 10.6 1.34
2018 08 15 08 32 23.625 24.1754 102.7254 9.7 1.48
2018 08 15 09 02 29.891 26.4257 100.8518 10.5 0.95
2018 08 15 10 12 09.002 24.1887 102.7180 8.1 1.17
2018 08 15 10 14 22.342 24.1874 102.7175 8.6 0.86
2018 08 15 10 18 18.027 24.1776 102.7097 10.6 1.38
2018 08 15 10 18 21.197 26.9195 99.0346 49.7 1.61
2018 08 15 10 44 21.786 24.1981 102.7380 15.5 0.75
2018 08 15 10 59 49.541 24.1823 102.6866 9.5 0.27
2018 08 15 11 08 05.438 27.1537 100.8466 1.5 1.53
2018 08 15 11 14 22.277 24.1825 102.7118 9.2 0.95
2018 08 15 11 15 55.032 24.1900 102.7263 8.1 1.86
2018 08 15 11 18 32.367 24.1632 102.7095 10.2 0.63
2018 08 15 11 20 32.335 24.1795 102.7091 9.2 0.85
2018 08 15 11 22 25.344 24.1820 102.7150 7.2 0.68
2018 08 15 11 22 55.747 24.1816 102.7124 8.7 0.35
2018 08 15 11 44 45.003 23.2979 103.2934 14.4 1.52
2018 08 15 11 51 02.141 27.9646 104.8145 39.3 1.42
2018 08 15 12 34 45.339 24.1879 102.7172 9.9 1.31
2018 08 15 12 44 45.351 24.1889 102.7182 9.9 1.37
2018 08 15 12 52 16.325 24.9988 99.0619 9.3 2.05
2018 08 15 12 55 19.170 24.1845 102.6993 10.4 0.32
2018 08 15 13 02 13.139 24.4481 102.4566 0.3 1.31
2018 08 15 13 23 57.817 24.1784 102.7844 9.8 0.03
2018 08 15 13 31 31.318 24.2125 98.0159 9.3 1.39
2018 08 15 13 43 52.026 24.1701 102.7136 8.4 0.6
2018 08 15 14 14 55.468 24.1847 102.7166 8.6 1.17
2018 08 15 14 16 33.566 24.1719 102.7038 10.9 0.2
2018 08 15 14 35 27.259 25.2181 99.3775 29.3 1.49
2018 08 15 14 46 34.879 26.3689 104.3941 0.2 1.34
2018 08 15 14 48 10.813 24.1968 102.7343 10.3 1.68
2018 08 15 15 00 33.322 25.4837 100.3073 3.8 0.71
2018 08 15 15 26 02.525 24.1766 102.7318 8.8 1.41
2018 08 15 15 26 30.101 21.8267 100.7497 9.3 1.84
2018 08 15 15 26 59.125 24.1859 102.6949 9.9 0.31
2018 08 15 16 29 38.641 23.9050 100.7443 16.4 1.81
2018 08 15 17 22 24.600 22.3755 99.6840 4.9 2.27
2018 08 15 17 50 20.834 21.9365 101.3153 9.1 2.74
2018 08 15 17 52 25.374 24.1816 102.7185 10.1 0.79
2018 08 15 18 12 25.130 24.1725 102.7202 11.0 0.67
2018 08 15 18 14 17.440 24.1068 102.6270 0.1 0.42
2018 08 15 18 15 19.418 23.0585 104.5130 30.6 1.77
2018 08 15 18 15 22.028 26.1242 104.3415 7.1 1.06
2018 08 15 18 16 15.958 24.1594 102.7117 10.7 0.26
2018 08 15 18 17 32.491 24.2083 102.7211 9.1 0.16
2018 08 15 18 37 32.552 24.2079 102.7240 8.9 0.16
2018 08 15 18 44 45.525 25.6179 100.3496 24.6 0.77
2018 08 15 18 55 57.196 24.1718 102.7196 8.6 2.26
2018 08 15 18 57 03.199 24.1765 102.7100 9.0 1.11
2018 08 15 18 59 59.322 23.9869 101.6040 49.0 1.43
2018 08 15 19 07 15.594 26.3177 104.4795 16.4 0.56
2018 08 15 19 32 12.983 23.6490 103.1998 0.5 1.62
2018 08 15 19 55 51.819 26.2767 104.7273 15.0 1.17
2018 08 15 19 56 41.966 24.1768 102.7108 7.4 0.65
2018 08 15 20 07 12.220 24.1925 102.7213 8.7 2.39
2018 08 15 20 10 56.053 24.1861 102.7161 8.1 1.08
2018 08 15 20 54 01.369 24.1980 102.7334 14.0 0.96
2018 08 15 20 59 03.903 24.1886 102.7270 10.6 2.79
2018 08 15 21 01 23.402 24.0031 102.4293 12.8 1.0
2018 08 15 21 09 57.313 24.1965 102.7289 10.2 1.08
2018 08 15 21 28 10.690 27.4112 103.9643 15.3 4.45
2018 08 15 21 29 44.523 27.4218 103.9479 15.4 3.5
2018 08 15 21 38 07.592 27.4091 103.9294 11.6 1.96
2018 08 15 21 39 40.982 27.3019 103.7787 29.8 1.49
2018 08 15 21 41 09.839 27.6745 103.5045 19.1 1.67
2018 08 15 21 50 20.083 25.1056 98.0645 18.0 1.25
2018 08 15 21 51 31.237 27.4113 103.9139 18.7 1.37
2018 08 15 22 05 09.246 22.0014 101.0474 10.0 1.48
2018 08 15 22 12 49.071 25.5785 99.9646 8.5 1.26
2018 08 15 22 15 58.368 25.2057 101.7655 14.6 1.14
2018 08 15 22 21 09.645 24.2078 102.7450 15.5 2.33
2018 08 15 22 21 51.846 24.1869 102.7364 14.5 0.55
2018 08 15 22 43 30.684 27.3797 103.8758 23.5 1.55
2018 08 15 22 47 41.168 27.4576 103.9686 17.3 1.83
2018 08 15 22 48 34.007 24.1809 102.7181 11.3 2.32
2018 08 15 22 48 54.733 24.1668 102.7196 12.9 1.21
2018 08 15 22 49 42.367 24.2013 102.7410 14.8 0.83
2018 08 15 22 58 34.015 24.1865 102.7245 12.2 2.11
2018 08 15 23 00 20.485 27.3274 103.9450 19.4 1.74
2018 08 15 23 09 18.571 27.3143 103.7845 28.7 1.46
2018 08 15 23 10 30.206 24.1531 102.7641 13.6 0.22
2018 08 15 23 57 49.552 24.2054 102.7514 15.1 0.39
2018 08 16 00 00 55.941 24.1906 102.7502 11.8 0.8
2018 08 16 00 03 04.284 24.1818 102.7297 13.0 1.06
2018 08 16 00 06 37.124 24.1879 102.7331 14.3 0.29
2018 08 16 00 20 55.962 24.1911 102.7498 11.6 0.84
2018 08 16 00 22 22.570 24.2018 102.7340 11.1 1.16
2018 08 16 00 23 52.194 31.0642 103.5923 24.2 3.25
2018 08 16 01 00 14.740 24.1881 102.7278 13.1 0.18
2018 08 16 01 01 27.322 24.1654 102.7381 14.1 0.35
2018 08 16 01 11 26.918 24.1912 102.7233 16.8 0.35
2018 08 16 01 15 43.836 27.3754 103.8577 27.3 1.57
2018 08 16 01 22 39.515 24.1514 102.7072 11.5 -0.0
2018 08 16 01 27 43.537 24.1609 102.7120 11.0 0.02
2018 08 16 01 40 47.214 24.1741 102.7246 10.9 0.25
2018 08 16 01 44 09.950 24.2149 102.5966 13.3 0.52
2018 08 16 01 44 16.423 25.7135 99.5281 10.0 1.59
2018 08 16 01 44 23.539 25.7109 99.5298 5.8 1.64
2018 08 16 01 47 30.985 24.1496 102.7515 14.2 0.35
2018 08 16 02 04 54.773 24.1696 102.7147 10.7 0.04
2018 08 16 02 14 54.792 24.1753 102.7224 10.9 0.09
2018 08 16 02 20 05.554 27.4189 103.9378 16.1 2.41
2018 08 16 02 20 46.909 24.1761 102.7745 14.2 0.27
2018 08 16 02 25 37.019 21.2211 100.1742 3.9 3.64
2018 08 16 02 26 21.731 23.9120 98.5544 29.0 1.81
2018 08 16 02 27 00.451 23.6215 98.8257 0.4 2.73
2018 08 16 02 35 37.996 21.2017 100.1526 15.0 3.21
2018 08 16 02 40 46.737 26.1960 104.5130 0.0 1.72
2018 08 16 02 47 28.154 21.2267 100.1731 0.3 1.64
2018 08 16 02 55 38.103 21.1994 100.1441 16.2 3.16
2018 08 16 02 58 03.517 24.1634 102.7610 13.0 0.77
2018 08 16 03 02 46.434 24.1596 102.7134 13.5 0.37
2018 08 16 03 10 50.426 24.1767 102.7317 13.8 0.09
2018 08 16 03 18 50.508 24.1853 102.7294 14.5 0.77
2018 08 16 03 25 26.188 24.1581 102.7104 12.9 0.08
2018 08 16 03 41 15.135 25.2154 99.9188 0.1 1.04
2018 08 16 03 49 20.409 24.1822 102.7433 12.1 0.18
2018 08 16 03 54 59.411 24.1966 102.6712 4.4 0.58
2018 08 16 04 07 06.482 27.4542 103.9487 19.8 1.79
2018 08 16 04 35 15.587 24.1356 102.6782 12.0 0.23
2018 08 16 05 34 14.158 21.2386 100.0492 9.6 2.41
2018 08 16 06 00 48.849 24.1980 102.7390 15.1 0.68
2018 08 16 07 07 38.943 23.8236 103.0679 25.5 1.28
2018 08 16 07 49 31.962 26.2122 104.5571 0.0 2.7
2018 08 16 07 54 14.521 21.2539 100.0591 11.9 2.2
2018 08 16 07 54 34.594 23.8937 103.9241 39.2 1.8
2018 08 16 08 35 01.441 24.8322 97.9002 11.5 1.4
2018 08 16 08 48 39.019 23.8253 103.9341 9.2 1.88
2018 08 16 09 17 21.694 27.4161 103.9517 10.9 1.72
2018 08 16 09 43 05.165 26.0439 100.8270 47.9 1.88
2018 08 16 10 11 16.389 24.1906 102.7190 8.2 0.58
2018 08 16 10 16 02.970 28.3047 104.8269 0.0 2.34
2018 08 16 10 20 43.931 24.1591 102.6953 10.0 0.3
2018 08 16 10 43 54.475 27.0575 100.7664 18.3 1.65
2018 08 16 10 45 18.171 24.1728 102.7107 8.9 0.67
2018 08 16 10 50 47.210 24.1933 102.7279 9.8 1.8
2018 08 16 10 51 46.683 24.1815 102.7408 12.8 0.38
2018 08 16 10 51 58.460 24.1855 102.6758 7.1 0.16
2018 08 16 10 55 18.043 24.1098 102.6427 0.0 0.62
2018 08 16 10 57 46.712 24.1755 102.7131 8.0 0.53
2018 08 16 11 04 29.017 23.3840 99.4203 14.4 1.48
2018 08 16 11 04 40.822 24.1609 102.7092 10.2 0.56
2018 08 16 11 29 23.337 27.9703 101.4254 28.8 2.75
2018 08 16 11 29 35.175 24.3912 100.1227 11.8 1.44
2018 08 16 11 30 31.395 26.5317 101.7562 17.3 1.61
2018 08 16 11 37 00.916 24.2338 102.7535 8.2 0.52
2018 08 16 11 47 00.995 24.2299 102.7517 8.1 0.4
2018 08 16 11 48 23.378 24.1842 102.7144 10.1 1.11
2018 08 16 12 01 28.686 24.1826 102.7211 9.2 1.13
2018 08 16 12 05 17.034 24.8338 99.9414 12.9 1.63
2018 08 16 12 25 17.021 24.8336 99.9473 12.6 1.52
2018 08 16 12 35 41.060 24.4287 102.4737 0.0 1.08
2018 08 16 12 41 49.279 25.7708 104.6105 34.0 1.61
2018 08 16 13 03 23.869 23.6108 102.4556 0.0 1.59
2018 08 16 13 32 47.134 27.6173 103.9680 0.0 2.35
2018 08 16 13 40 27.188 28.2034 104.7514 0.1 2.33
2018 08 16 14 30 35.041 25.5027 100.4929 0.0 1.37
2018 08 16 14 53 03.525 22.7062 100.0526 47.7 1.96
2018 08 16 14 55 01.284 24.1835 102.7197 8.7 0.9
2018 08 16 15 05 01.315 24.1862 102.7186 8.6 0.77
2018 08 16 15 08 14.413 24.1685 102.6880 11.0 0.2
2018 08 16 15 11 54.526 25.1387 99.3081 20.0 0.85
2018 08 16 15 14 42.131 24.1779 102.7220 9.3 1.33
2018 08 16 15 27 43.711 23.5063 103.2342 19.3 0.98
2018 08 16 15 40 12.760 24.9169 99.0930 25.1 1.05
2018 08 16 15 44 12.226 28.5400 104.4715 29.9 1.05
2018 08 16 16 01 20.374 23.2122 99.1900 0.0 1.62
2018 08 16 16 05 56.409 21.8290 101.8321 10.2 2.36
2018 08 16 16 14 10.824 23.5026 100.0542 22.7 1.14
2018 08 16 16 14 49.520 26.6514 100.8802 14.6 1.06
2018 08 16 17 10 25.374 25.6256 100.3083 19.0 1.28
2018 08 16 17 23 44.382 26.2384 104.6563 0.0 1.46
2018 08 16 17 31 50.893 24.1956 102.7125 9.7 0.89
2018 08 16 18 22 51.411 23.3790 102.6841 20.9 1.66
2018 08 16 18 23 58.080 24.1748 102.6949 10.5 0.43
2018 08 16 18 45 12.515 24.1784 102.7097 8.4 0.83
2018 08 16 18 55 12.563 24.1782 102.7084 8.3 0.85
2018 08 16 18 57 13.416 24.1430 102.5706 35.4 1.04
2018 08 16 18 58 36.247 23.2886 103.2499 0.3 2.04
2018 08 16 18 59 16.052 24.1186 101.6907 0.3 1.48
2018 08 16 19 05 12.569 24.1802 102.7072 8.2 0.85
2018 08 16 19 06 49.455 23.5179 102.7411 30.8 1.49
2018 08 16 19 07 49.203 24.3297 98.4759 15.5 1.23
2018 08 16 19 14 22.301 28.2990 104.8224 3.5 2.12
2018 08 16 20 27 25.698 24.1881 102.7318 8.6 0.48
2018 08 16 20 27 22.534 28.1270 104.5505 32.0 1.37
2018 08 16 20 52 17.819 24.2043 102.7301 9.4 1.36
2018 08 16 21 10 34.646 23.5471 102.7641 0.0 1.66
2018 08 16 21 10 31.194 25.5982 99.4872 9.8 1.39
2018 08 16 21 41 45.141 27.4205 104.0155 0.0 1.99
2018 08 16 22 14 43.254 24.2094 102.7336 7.6 0.9
2018 08 16 22 20 10.987 24.1993 102.7190 7.9 1.62
2018 08 16 22 20 38.402 27.2254 103.8985 9.4 2.2
2018 08 16 22 30 39.526 27.1579 103.9296 0.2 2.28
2018 08 16 22 33 10.199 24.1553 102.7056 9.2 0.43
2018 08 16 22 36 05.599 24.1631 102.7039 10.7 0.18
2018 08 16 23 03 44.491 24.1935 102.7172 9.1 2.11
2018 08 16 23 04 29.447 26.2737 104.5595 1.8 0.41
2018 08 16 23 21 35.811 24.1664 102.7083 11.0 0.76
2018 08 16 23 48 17.851 24.1698 102.7260 7.9 1.34
2018 08 16 23 55 12.694 28.3335 104.3763 47.3 1.5
2018 08 16 23 58 12.391 26.1864 104.6841 0.1 0.8
2018 08 17 00 02 45.955 26.2752 104.5711 0.0 0.53
2018 08 17 00 28 30.266 28.1422 103.5900 11.4 1.3
2018 08 17 00 55 07.396 24.4466 98.8472 12.6 2.01
2018 08 17 01 25 43.387 24.1901 102.7279 7.3 1.25
2018 08 17 01 27 29.464 24.1785 102.7105 8.5 -0.04
2018 08 17 01 35 14.074 24.1957 102.7253 6.4 0.78
2018 08 17 02 50 35.129 24.1803 102.7141 10.5 0.25
2018 08 17 03 04 10.405 26.2544 104.6268 10.1 0.59
2018 08 17 03 27 24.492 24.1792 102.7182 6.8 0.73
2018 08 17 03 34 57.521 27.7916 100.8010 18.0 2.56
2018 08 17 04 04 56.272 26.9158 100.4860 47.7 2.28
2018 08 17 04 40 26.693 23.6760 100.7299 13.8 1.14
2018 08 17 04 45 50.407 24.0287 102.6327 13.2 0.82
2018 08 17 05 00 31.659 24.1990 102.7300 4.6 1.13
2018 08 17 05 00 47.044 23.3234 103.1512 18.4 1.63
2018 08 17 05 11 31.739 26.2773 104.4308 18.0 1.43
2018 08 17 05 15 50.439 24.0283 102.6334 12.9 0.83
2018 08 17 05 18 13.890 26.2511 104.5761 24.5 2.06
2018 08 17 05 48 27.205 28.1155 104.6166 30.6 1.43
2018 08 17 06 51 35.594 23.8789 102.9119 13.0 1.1
2018 08 17 06 56 12.677 24.1777 102.7177 8.5 0.93
2018 08 17 07 51 01.868 26.4928 101.5084 23.4 1.74
2018 08 17 08 19 03.053 25.9206 100.9236 49.9 1.76
2018 08 17 08 20 52.968 25.4851 100.2203 11.7 2.57
2018 08 17 09 19 16.573 26.2548 104.5771 20.8 1.33
2018 08 17 09 29 30.118 27.1159 103.3441 17.9 1.72
2018 08 17 09 31 25.325 24.1644 103.5182 9.6 1.56
2018 08 17 10 16 57.623 24.2007 102.7238 8.7 1.14
2018 08 17 10 30 48.616 24.4765 98.8842 6.2 2.0
2018 08 17 10 44 46.781 25.7636 100.6822 9.0 1.64
2018 08 17 10 57 59.562 24.1808 102.7142 9.8 0.56
2018 08 17 11 00 01.246 22.0622 100.9863 11.9 1.19
2018 08 17 12 17 57.594 22.0872 107.6225 45.2 2.05
2018 08 17 12 18 27.363 25.8730 100.6104 13.2 1.19
2018 08 17 12 20 24.726 25.1746 100.4061 30.0 1.24
2018 08 17 12 20 28.972 27.6934 100.8057 20.4 0.76
2018 08 17 12 20 48.287 24.2105 102.9027 0.0 1.35
2018 08 17 12 21 11.026 21.7674 100.7669 43.9 1.02
2018 08 17 12 30 12.857 24.3932 102.5823 14.3 1.22
2018 08 17 12 50 12.484 24.3391 102.5426 16.0 1.34
2018 08 17 12 51 46.300 24.4138 102.4724 0.0 1.08
2018 08 17 12 52 28.120 25.9794 104.4894 32.7 -0.1
2018 08 17 14 20 12.881 24.4096 102.5911 13.9 1.33
2018 08 17 14 20 18.396 27.5827 100.0641 28.6 1.74
2018 08 17 14 21 52.167 28.1559 104.8444 11.2 2.08
2018 08 17 14 33 19.538 24.1924 102.7177 9.6 0.34
2018 08 17 15 06 13.353 25.4372 100.8062 4.1 2.0
2018 08 17 15 15 49.105 26.3623 104.5599 15.2 1.41
2018 08 17 15 18 02.437 25.0308 98.8421 31.0 0.97
2018 08 17 15 46 22.218 24.1901 102.6916 10.3 0.71
2018 08 17 15 48 45.781 23.2451 104.4337 2.5 0.74
2018 08 17 16 14 03.173 24.1905 102.7177 8.3 0.96
2018 08 17 17 01 31.201 27.0965 103.4221 18.8 1.74
2018 08 17 17 04 24.445 24.1562 102.7038 9.2 0.36
2018 08 17 17 06 44.226 24.1846 102.7132 10.2 0.94
2018 08 17 17 08 04.881 25.0794 101.9240 19.7 1.37
2018 08 17 17 19 59.205 24.1800 102.7176 7.1 2.65
2018 08 17 18 02 23.270 25.3831 100.7348 14.1 1.14
2018 08 17 18 05 35.441 24.1807 102.6974 12.5 0.23
2018 08 17 18 35 35.824 24.1765 102.7093 11.0 0.27
2018 08 17 18 36 58.587 28.1047 101.4864 24.3 1.82
2018 08 17 19 25 42.765 25.8739 100.6719 9.2 1.94
2018 08 17 20 11 20.134 24.1962 102.7234 8.1 1.0
2018 08 17 21 42 05.542 23.4833 103.1656 14.0 1.1
2018 08 17 22 15 23.990 27.1654 101.1495 30.1 1.97
2018 08 17 22 18 20.173 26.2683 104.6441 6.7 0.71
2018 08 17 22 43 10.834 28.0349 101.4674 29.6 1.74
2018 08 17 22 44 22.730 28.1060 101.4660 1.0 1.44
2018 08 17 22 56 35.678 26.1448 104.4843 16.7 -0.09
2018 08 17 22 57 55.046 26.2690 104.5745 11.4 0.38
2018 08 17 23 13 11.110 28.0245 101.4560 30.0 1.74
2018 08 17 23 15 07.887 24.1834 102.7100 11.3 0.42
2018 08 17 23 34 16.650 24.1755 102.7130 10.9 0.63
2018 08 18 00 01 06.931 26.3054 104.6497 12.9 0.54
2018 08 18 00 08 31.845 27.7903 102.9620 15.2 1.48
2018 08 18 00 08 40.387 24.1710 100.6556 14.5 1.52
2018 08 18 00 09 49.516 28.0644 101.4756 15.8 1.93
2018 08 18 00 42 44.995 28.0114 101.4641 27.0 1.36
2018 08 18 00 44 00.842 24.1659 102.7120 9.8 0.18
2018 08 18 00 44 28.394 28.0377 101.4798 27.1 2.67
2018 08 18 00 52 50.545 24.1582 102.7030 8.7 0.27
2018 08 18 01 36 06.287 28.0336 101.4613 30.1 1.39
2018 08 18 01 36 37.180 27.4135 103.9787 16.8 4.12
2018 08 18 01 41 07.070 27.4172 103.9952 10.0 2.48
2018 08 18 01 53 27.084 27.3194 104.1724 34.0 1.53
2018 08 18 01 53 42.388 27.3210 103.7974 29.0 1.34
2018 08 18 01 53 57.066 24.1978 102.7293 8.7 1.56
2018 08 18 01 56 10.919 27.1984 100.8439 6.3 -0.32
2018 08 18 01 59 18.866 24.1596 102.6987 11.4 0.17
2018 08 18 01 59 52.509 27.3888 103.9508 15.4 1.93
2018 08 18 02 02 22.959 27.3722 103.9643 18.0 1.41
2018 08 18 02 17 37.013 24.1764 102.7139 9.5 0.34
2018 08 18 02 19 37.586 26.6578 103.1373 28.5 1.36
2018 08 18 02 32 45.797 24.1879 102.7149 8.9 0.81
2018 08 18 02 42 05.146 24.1840 102.7140 9.9 2.31
2018 08 18 02 45 24.850 24.1864 102.6755 9.0 -0.24
2018 08 18 03 09 40.488 26.2916 104.6201 13.1 0.88
2018 08 18 03 24 53.238 24.2043 102.7385 3.5 0.05
2018 08 18 03 26 29.922 24.2040 102.7286 10.2 1.8
2018 08 18 03 57 10.261 26.1925 104.6503 11.0 1.54
2018 08 18 04 01 14.803 25.0133 97.9174 20.0 1.25
2018 08 18 04 11 14.888 25.0150 97.9161 20.0 1.25
2018 08 18 04 11 58.977 29.0341 104.0144 11.5 1.71
2018 08 18 04 12 40.082 24.1767 102.7197 10.0 -0.03
2018 08 18 04 12 54.004 24.6951 98.1108 28.5 1.21
2018 08 18 04 22 40.085 24.1785 102.7190 10.0 -0.03
2018 08 18 04 24 48.885 26.1916 104.6499 11.4 1.42
2018 08 18 04 25 52.876 24.2004 102.7435 8.9 0.49
2018 08 18 04 55 18.177 24.1770 102.7023 10.8 0.35
2018 08 18 04 55 39.341 26.2686 104.5507 0.1 0.22
2018 08 18 04 58 52.348 27.9865 104.7091 31.6 0.96
2018 08 18 04 59 53.290 24.1755 102.7152 10.0 0.41
2018 08 18 05 00 40.937 27.4018 103.8947 26.7 1.23
2018 08 18 06 46 28.911 26.2063 104.6785 7.0 1.13
2018 08 18 06 52 29.070 23.8711 103.3092 27.5 1.24
2018 08 18 06 53 44.737 24.1621 102.6918 7.6 0.54
2018 08 18 06 59 04.998 26.2650 104.5358 4.7 0.66
2018 08 18 07 06 41.936 24.1743 102.7166 7.9 2.31
2018 08 18 07 17 03.012 26.2812 104.5866 12.4 0.76
2018 08 18 07 27 20.305 26.2171 104.7073 2.0 1.16
2018 08 18 07 37 46.314 26.2207 104.6232 13.6 1.24
2018 08 18 08 58 43.899 26.2747 104.6004 15.4 1.43
2018 08 18 09 22 28.182 23.9067 102.7071 49.9 0.44
2018 08 18 09 22 18.034 26.9342 98.9978 35.0 1.76
2018 08 18 09 23 46.361 27.8927 100.9677 6.2 1.71
2018 08 18 10 02 29.665 24.1633 102.8209 45.4 0.38
2018 08 18 10 02 18.039 26.9339 98.9968 35.1 1.75
2018 08 18 10 02 24.040 24.7084 105.0070 2.6 1.87
2018 08 18 10 04 12.707 24.3203 102.4273 50.0 1.03
2018 08 18 11 18 43.143 26.1827 104.5163 15.6 1.19
2018 08 18 11 19 55.984 24.1888 102.7236 7.4 1.02
2018 08 18 11 20 48.950 28.0455 105.0311 45.1 0.85
2018 08 18 11 56 32.150 24.2028 102.7748 3.3 0.29
2018 08 18 12 06 31.892 24.1045 102.6713 4.0 0.26
2018 08 18 12 08 23.411 24.7736 102.6915 0.1 1.47
2018 08 18 12 20 06.424 24.1803 102.7235 9.5 1.32
2018 08 18 12 47 24.226 26.7180 100.8887 13.4 0.79
2018 08 18 12 47 34.395 24.1792 102.7068 10.9 0.41
2018 08 18 12 52 39.731 25.8440 100.6628 5.5 1.54
2018 08 18 12 53 51.998 28.1451 101.5186 13.2 2.3
2018 08 18 12 54 38.494 27.1120 101.1196 14.3 3.21
2018 08 18 13 28 22.956 28.0446 101.4645 28.2 3.59
2018 08 18 13 42 51.059 28.0305 101.4681 30.0 2.64
2018 08 18 14 02 54.523 24.2063 102.7384 8.9 0.67
2018 08 18 14 03 13.742 24.7128 97.9610 17.5 1.34
2018 08 18 14 03 39.725 26.2710 104.5997 13.3 0.76
2018 08 18 14 15 48.507 24.1932 102.7203 9.2 2.39
2018 08 18 14 22 54.143 24.1881 102.7202 11.1 0.68
2018 08 18 14 24 18.952 26.2010 104.6780 9.1 1.69
2018 08 18 14 26 25.577 26.3585 104.4931 0.4 0.33
2018 08 18 15 57 27.134 23.3886 104.2040 5.0 1.96
2018 08 18 16 09 59.678 23.0180 101.6588 45.2 1.58
2018 08 18 16 11 47.597 24.1988 102.7111 9.0 0.98
2018 08 18 16 17 42.900 27.4163 103.9454 13.7 2.92
2018 08 18 16 33 36.616 27.3894 103.9967 4.2 2.55
2018 08 18 16 37 40.351 28.0449 101.4653 26.7 1.54
2018 08 18 19 09 02.730 23.4780 104.1965 2.4 1.62
2018 08 18 19 23 32.085 28.0549 101.4589 9.1 1.31
2018 08 18 19 35 59.506 28.0320 101.4658 29.6 1.96
2018 08 18 20 20 02.614 26.2734 104.5419 16.4 0.13
2018 08 18 20 55 59.110 25.8536 100.6316 11.0 1.62
2018 08 18 21 20 37.959 24.1888 102.7329 8.9 0.58
2018 08 18 21 43 19.762 29.0710 104.0016 5.8 1.74
2018 08 18 21 44 54.864 24.6427 97.9720 19.7 1.81
2018 08 18 22 52 28.008 27.2743 106.4405 1.8 2.56
2018 08 18 22 52 53.598 24.1663 102.7114 10.7 0.26
2018 08 18 23 42 26.953 24.7147 97.9624 17.5 1.2
2018 08 18 23 55 38.649 26.2557 104.5421 4.9 0.16
2018 08 18 23 55 47.947 26.2765 104.5424 15.9 0.96
