2018 08 13 01 44 24.450 24.1810 102.7140 17.1 5.38
2018 08 13 01 45 36.400 24.1491 102.9180 0.0 2.02
2018 08 13 01 45 49.510 24.1820 102.7140 9.7 2.37
2018 08 13 01 46 49.000 24.1050 102.9180 0.0 1.22
2018 08 13 01 47 29.240 24.0870 102.8280 0.0 1.22
2018 08 13 01 47 49.120 24.1410 102.8260 0.0 1.04
2018 08 13 01 47 58.970 24.1820 102.6970 8.8 1.93
2018 08 13 01 48 04.620 24.1793 102.7070 10.0 1.93
2018 08 13 01 48 17.420 24.1880 102.7260 10.1 3.70
2018 08 13 01 48 49.130 24.1450 102.8250 0.0 1.40
2018 08 13 01 49 11.100 24.1760 102.7170 10.5 2.73
2018 08 13 01 49 23.800 24.1817 102.7330 7.9 4.05
2018 08 13 01 50 36.790 24.1420 102.8870 0.0 1.66
2018 08 13 01 50 46.260 24.1948 102.8660 0.0 1.58
2018 08 13 01 50 54.690 24.1852 102.7470 9.3 1.66
2018 08 13 01 51 40.640 24.1920 102.7280 5.7 1.13
2018 08 13 01 52 22.740 24.1459 102.8240 0.0 0.34
2018 08 13 01 52 55.630 24.0785 102.7050 0.0 0.69
2018 08 13 01 53 20.630 24.1840 102.7300 8.6 0.78
2018 08 13 01 54 42.660 24.1780 102.7130 9.0 1.58
2018 08 13 01 55 17.500 24.1326 102.8300 0.0 0.60
2018 08 13 01 55 19.590 24.1810 102.7200 16.9 3.08
2018 08 13 01 57 34.070 24.1860 102.7190 7.7 0.87
2018 08 13 01 57 52.510 24.1696 102.8070 0.0 0.78
2018 08 13 01 57 58.820 24.1920 102.7250 10.1 1.31
2018 08 13 01 58 16.810 24.1730 102.7120 8.1 0.96
2018 08 13 01 58 29.740 24.1908 102.7270 0.0 0.34
2018 08 13 01 58 45.420 24.1267 102.8850 0.0 0.34
2018 08 13 01 59 07.290 24.1247 102.8230 0.0 0.34
2018 08 13 01 59 21.280 24.1900 102.7170 7.8 1.84
2018 08 13 02 00 04.680 24.1376 102.9120 0.0 0.16
2018 08 13 02 00 28.950 24.1789 102.8980 0.0 0.51
2018 08 13 02 01 07.120 24.1820 102.7250 10.6 0.78
2018 08 13 02 01 18.060 24.1790 102.7190 8.4 1.58
2018 08 13 02 02 06.130 24.1790 102.7170 8.6 1.04
2018 08 13 02 02 53.700 24.1860 102.7260 7.2 1.31
2018 08 13 02 03 19.370 24.1840 102.7110 8.5 1.84
2018 08 13 02 03 48.690 24.1760 102.7180 7.0 1.58
2018 08 13 02 03 56.870 24.1790 102.7290 11.0 1.58
2018 08 13 02 04 59.590 24.1920 102.7310 8.9 1.84
2018 08 13 02 05 14.700 24.1760 102.7170 8.5 2.02
2018 08 13 02 07 06.100 24.1970 102.7240 6.8 1.31
2018 08 13 02 07 34.140 24.1910 102.7480 12.3 0.51
2018 08 13 02 07 56.870 24.0498 102.7460 0.0 0.34
2018 08 13 02 08 04.970 24.1800 102.7210 8.2 1.49
2018 08 13 02 08 11.290 24.1740 102.7120 4.5 1.40
2018 08 13 02 08 38.710 24.1519 102.8250 0.0 0.42
2018 08 13 02 09 05.640 24.2010 102.7460 8.4 0.87
2018 08 13 02 09 16.790 24.1076 102.6610 0.0 0.34
2018 08 13 02 09 48.700 24.1770 102.7200 7.7 0.51
2018 08 13 02 10 03.840 24.1810 102.7220 9.6 0.87
2018 08 13 02 10 39.730 24.1840 102.7300 8.8 0.60
2018 08 13 02 11 25.050 24.1319 102.9050 0.0 0.25
2018 08 13 02 11 32.560 24.1895 102.7330 7.9 1.04
2018 08 13 02 12 34.390 24.2010 102.7390 10.5 1.40
2018 08 13 02 12 49.110 24.1670 102.6980 7.4 1.22
2018 08 13 02 13 32.240 24.1780 102.7100 5.6 0.34
2018 08 13 02 13 51.360 24.1962 102.7280 5.0 0.78
2018 08 13 02 14 23.200 24.1880 102.7270 7.4 0.69
2018 08 13 02 15 00.890 24.0923 102.8890 0.0 -0.017699115044247805
2018 08 13 02 15 25.460 24.1750 102.7190 7.8 1.13
2018 08 13 02 16 06.250 24.2010 102.7420 10.0 0.60
2018 08 13 02 17 23.900 24.1982 102.7540 11.0 1.04
2018 08 13 02 17 38.330 24.1755 102.7230 9.3 1.93
2018 08 13 02 18 07.460 24.1751 102.7180 6.6 1.22
2018 08 13 02 19 56.010 24.2191 102.8150 11.1 0.25
2018 08 13 02 20 10.790 24.1883 102.7170 5.5 1.13
2018 08 13 02 21 47.350 24.2033 102.7580 11.3 0.87
2018 08 13 02 22 02.760 24.1962 102.7470 10.4 0.60
2018 08 13 02 22 35.270 24.1940 102.7620 11.2 0.16
2018 08 13 02 22 49.090 24.2533 102.7880 0.0 -0.017699115044247805
2018 08 13 02 23 17.660 24.1891 102.7280 6.9 0.60
2018 08 13 02 24 12.200 24.1847 102.7030 8.8 0.96
2018 08 13 02 25 01.710 24.1941 102.7300 8.4 0.51
2018 08 13 02 25 29.660 24.2312 102.7900 6.6 0.51
2018 08 13 02 25 41.340 24.1780 102.7210 6.9 1.31
2018 08 13 02 27 22.630 23.9925 102.6940 0.0 0.16
2018 08 13 02 27 51.660 24.1012 102.8130 0.0 0.16
2018 08 13 02 27 54.070 24.1960 102.7230 12.1 1.75
2018 08 13 02 29 13.470 24.1834 102.7310 11.0 2.37
2018 08 13 02 30 01.970 24.0676 102.9180 0.0 -0.017699115044247805
2018 08 13 02 30 23.560 24.1880 102.7340 16.0 3.43
2018 08 13 02 31 15.100 24.1820 102.7550 12.4 1.22
2018 08 13 02 32 25.430 24.2010 102.7490 8.4 0.87
2018 08 13 02 32 55.640 24.2030 102.7880 16.8 0.42
2018 08 13 02 33 18.950 24.1825 102.7240 6.3 1.22
2018 08 13 02 33 27.290 24.1579 102.8870 0.0 0.96
2018 08 13 02 33 39.540 24.1924 102.7370 7.9 0.34
2018 08 13 02 34 12.320 24.2082 102.7740 13.0 0.25
2018 08 13 02 34 28.020 24.0447 102.7270 0.0 -0.4601769911504425
2018 08 13 02 35 24.970 24.1920 102.7690 10.9 0.69
2018 08 13 02 36 01.930 24.2055 102.7610 10.3 0.87
2018 08 13 02 37 16.520 24.1920 102.7280 9.6 1.13
2018 08 13 02 37 29.370 24.1720 102.7210 7.8 0.78
2018 08 13 02 39 13.860 24.2109 102.7810 18.7 0.60
2018 08 13 02 39 51.800 24.1252 102.9120 0.0 -0.10619469026548663
2018 08 13 02 42 00.450 24.2018 102.7680 12.3 0.78
2018 08 13 02 42 28.320 24.1941 102.7600 9.5 0.07
2018 08 13 02 44 57.550 24.1874 102.7240 5.1 0.60
2018 08 13 02 45 13.510 24.2462 102.7920 0.0 -0.10619469026548663
2018 08 13 02 45 51.500 24.0829 102.9210 0.0 0.07
2018 08 13 02 47 32.840 24.1119 102.7080 0.0 -0.017699115044247805
2018 08 13 02 47 37.580 24.1183 102.9040 0.0 0.34
2018 08 13 02 48 05.580 24.1805 102.7220 5.0 0.96
2018 08 13 02 49 30.220 24.1783 102.7220 6.0 0.96
2018 08 13 02 52 55.100 24.2026 102.7370 5.4 0.51
2018 08 13 02 53 13.520 24.2183 102.8200 0.0 0.07
2018 08 13 02 53 28.660 24.2060 102.7220 6.4 0.69
2018 08 13 02 53 53.900 24.1965 102.7270 5.1 0.16
2018 08 13 02 56 07.990 24.1758 102.7250 6.3 0.96
2018 08 13 02 56 35.950 24.1829 102.7310 8.0 1.04
2018 08 13 02 57 17.190 24.2035 102.7500 10.2 0.96
2018 08 13 02 57 49.720 24.1992 102.7310 6.4 0.78
2018 08 13 02 59 30.100 24.1898 102.7180 6.2 0.87
2018 08 13 02 59 39.640 24.1993 102.7550 10.7 1.22
2018 08 13 03 00 32.560 24.1910 102.7250 8.8 1.49
2018 08 13 03 02 11.150 24.1440 102.8180 0.0 0.07
2018 08 13 03 02 58.480 24.1880 102.7170 9.1 0.16
2018 08 13 03 03 38.410 24.1900 102.7200 7.3 0.87
2018 08 13 03 05 17.760 24.1830 102.7190 8.8 1.04
2018 08 13 03 06 20.200 24.2570 103.0920 0.0 1.13
2018 08 13 03 07 06.340 24.1930 102.7360 11.1 0.96
2018 08 13 03 07 28.890 24.1490 102.8380 0.0 0.07
2018 08 13 03 08 39.750 24.1790 102.7050 4.4 0.60
2018 08 13 03 09 21.430 24.1860 102.7180 4.6 0.78
2018 08 13 03 10 19.770 24.1770 102.7170 7.9 0.96
2018 08 13 03 10 58.970 24.1950 102.7210 9.5 0.78
2018 08 13 03 11 55.760 24.1880 102.7280 13.0 0.96
2018 08 13 03 17 41.700 24.1830 102.7130 15.7 2.81
2018 08 13 03 18 42.190 24.0730 102.7960 0.0 0.07
2018 08 13 03 20 38.070 24.1810 102.7120 10.0 0.51
2018 08 13 03 21 22.830 24.1980 102.7340 10.8 0.60
2018 08 13 03 22 53.670 24.1140 102.8150 0.0 0.34
2018 08 13 03 23 30.500 24.1840 102.7190 9.3 1.40
2018 08 13 03 23 55.450 24.1170 102.8710 0.0 0.69
2018 08 13 03 25 10.760 24.1780 102.7120 9.0 0.51
2018 08 13 03 26 32.360 24.1780 102.7230 11.4 1.31
2018 08 13 03 29 39.620 24.1730 102.7190 9.0 0.96
2018 08 13 03 31 40.190 24.1840 102.7300 9.9 0.51
2018 08 13 03 32 23.220 24.1860 102.7180 6.8 1.31
2018 08 13 03 33 35.980 24.1980 102.7340 10.7 0.51
2018 08 13 03 34 08.920 24.1940 102.7300 12.4 0.69
2018 08 13 03 34 34.750 24.1850 102.7210 9.4 1.66
2018 08 13 03 35 12.160 24.1860 102.7200 9.6 2.11
2018 08 13 03 36 13.550 24.1860 102.7240 9.8 1.13
2018 08 13 03 36 28.570 24.1880 102.7280 10.9 1.31
2018 08 13 03 37 28.650 24.1910 102.7330 11.0 0.42
2018 08 13 03 37 40.230 24.1890 102.7260 9.6 1.04
2018 08 13 03 38 32.770 24.1870 102.7260 15.1 2.55
2018 08 13 03 39 21.910 24.1360 102.8500 0.0 0.34
2018 08 13 03 40 30.670 24.1920 102.7250 8.5 0.87
2018 08 13 03 40 55.200 24.1910 102.7320 11.1 1.31
2018 08 13 03 42 05.380 24.1840 102.7230 9.2 0.34
2018 08 13 03 42 46.100 24.1440 102.8180 0.0 -0.10619469026548663
2018 08 13 03 43 26.030 24.1870 102.7240 9.9 0.96
2018 08 13 03 44 06.820 24.0760 102.7960 0.0 -0.3716814159292035
2018 08 13 03 45 42.670 24.1870 102.7300 11.9 0.51
2018 08 13 03 46 00.340 24.1830 102.7240 8.7 0.42
2018 08 13 03 46 56.670 24.1760 102.7290 10.0 0.16
2018 08 13 03 47 08.890 24.1860 102.7160 8.3 0.42
2018 08 13 03 47 31.570 24.1410 102.8560 0.0 -0.3716814159292035
2018 08 13 03 48 35.910 24.0710 102.7500 0.0 0.07
2018 08 13 03 48 48.730 24.1660 102.6980 5.7 0.42
2018 08 13 03 50 22.430 24.1800 102.7180 9.5 1.13
2018 08 13 03 51 36.910 24.1820 102.7290 9.7 0.16
2018 08 13 03 53 36.130 24.1800 102.7120 11.3 0.60
2018 08 13 03 54 11.550 24.1880 102.7300 9.4 0.25
2018 08 13 03 55 53.410 24.1980 102.7190 8.6 0.42
2018 08 13 03 58 18.710 24.1980 102.7230 9.7 0.96
2018 08 13 03 58 25.270 24.1740 102.7080 7.5 1.13
2018 08 13 03 59 17.130 24.1830 102.7220 9.4 1.13
2018 08 13 03 59 50.830 24.1940 102.7340 12.2 2.46
2018 08 13 04 01 10.210 24.2029 102.7360 8.6 0.42
2018 08 13 04 01 40.670 24.1902 102.7120 5.0 0.07
2018 08 13 04 02 15.920 24.0190 102.7330 0.0 -0.3716814159292035
2018 08 13 04 02 43.250 24.1207 102.8970 0.0 -0.19469026548672566
2018 08 13 04 02 49.070 24.0703 102.7860 0.0 -0.4601769911504425
2018 08 13 04 02 56.370 24.0675 102.9290 0.0 -0.6371681415929203
2018 08 13 04 03 15.810 24.0655 102.6500 0.0 -0.4601769911504425
2018 08 13 04 03 52.850 24.2444 102.8550 0.0 -0.4601769911504425
2018 08 13 04 04 10.390 24.0038 102.7250 0.0 -0.017699115044247805
2018 08 13 04 04 34.310 24.1880 102.7250 7.6 1.04
2018 08 13 04 08 35.650 24.0261 102.6700 0.0 0.25
2018 08 13 04 09 04.530 24.1890 102.7230 7.6 1.75
2018 08 13 04 09 36.730 23.9909 102.8170 0.0 0.60
2018 08 13 04 10 51.550 24.1860 102.7230 10.7 0.96
2018 08 13 04 13 12.360 24.1958 102.8650 0.0 -0.017699115044247805
2018 08 13 04 13 47.520 24.1903 102.7350 6.2 1.75
2018 08 13 04 16 52.740 24.1502 102.7860 0.0 -0.2831858407079645
2018 08 13 04 17 17.050 24.0145 102.8630 0.0 -0.19469026548672566
2018 08 13 04 17 55.080 24.1927 102.7330 6.9 0.78
2018 08 13 04 19 17.980 24.1046 102.8870 0.0 0.34
2018 08 13 04 20 04.340 24.0588 102.8650 0.0 0.16
2018 08 13 04 20 23.190 24.0355 102.6890 0.0 -0.19469026548672566
2018 08 13 04 21 05.300 24.0938 102.9270 0.0 -0.19469026548672566
2018 08 13 04 21 22.650 24.1838 102.7170 5.0 0.60
2018 08 13 04 21 51.070 24.0685 102.9340 0.0 -0.10619469026548663
2018 08 13 04 25 34.340 24.1780 102.7150 7.6 1.75
2018 08 13 04 26 50.820 24.1412 102.7840 0.0 -0.017699115044247805
2018 08 13 04 27 16.140 24.1838 102.7450 11.9 0.69
2018 08 13 04 29 02.420 24.1468 102.7840 0.0 0.16
2018 08 13 04 29 35.520 24.1698 102.7320 6.8 1.49
2018 08 13 04 30 07.630 24.1199 102.9170 0.0 0.07
2018 08 13 04 32 43.950 24.0940 102.8050 0.0 -0.19469026548672566
2018 08 13 04 33 32.350 24.1876 102.7130 4.5 1.13
2018 08 13 04 33 36.190 24.1880 102.7240 7.5 1.93
2018 08 13 04 33 42.660 24.1780 102.7270 10.2 1.93
2018 08 13 04 34 27.560 24.1440 102.8180 0.0 0.16
2018 08 13 04 34 57.440 24.1860 102.7280 9.9 0.51
2018 08 13 04 35 04.370 24.0830 102.8620 0.0 -0.10619469026548663
2018 08 13 04 35 59.500 24.1860 102.7260 12.9 0.25
2018 08 13 04 36 49.240 24.0830 102.8050 0.0 -0.4601769911504425
2018 08 13 04 37 01.740 24.0970 102.8730 0.0 -0.19469026548672566
2018 08 13 04 37 52.720 24.0870 102.8600 0.0 -0.5486725663716814
2018 08 13 04 40 15.750 24.1010 102.9420 0.0 0.07
2018 08 13 04 41 39.500 24.1970 102.7450 11.2 0.42
2018 08 13 04 44 21.780 24.1910 102.7200 6.1 0.16
2018 08 13 04 44 36.610 24.1080 102.8780 0.0 -0.10619469026548663
2018 08 13 04 44 57.540 24.2860 102.9320 0.0 0.07
2018 08 13 04 45 44.730 24.1920 102.7230 9.7 1.13
2018 08 13 04 46 36.940 24.1820 102.7320 9.0 0.07
2018 08 13 04 48 17.080 24.1440 102.8180 0.0 -0.2831858407079645
2018 08 13 04 48 34.910 24.1790 102.7300 14.0 2.64
2018 08 13 04 49 07.840 24.1140 102.8150 0.0 0.87
2018 08 13 04 49 39.580 24.0830 102.8050 0.0 -0.2831858407079645
2018 08 13 04 50 23.990 24.1780 102.7080 7.3 0.42
2018 08 13 04 52 22.660 24.1860 102.7280 11.2 0.60
2018 08 13 04 53 25.120 24.1450 102.7850 0.0 -0.3716814159292035
2018 08 13 04 53 47.950 24.1080 102.8780 0.0 -0.6371681415929203
2018 08 13 04 54 43.020 24.1950 102.7040 5.8 0.69
2018 08 13 04 56 49.960 24.1410 102.8500 0.0 -0.2831858407079645
2018 08 13 04 57 20.890 24.1440 102.8180 0.0 -0.19469026548672566
2018 08 13 04 57 25.980 24.1480 102.7010 12.2 0.42
2018 08 13 04 57 31.610 24.0950 102.9350 0.0 -0.2831858407079645
2018 08 13 04 58 11.290 24.1760 102.7200 9.4 0.34
2018 08 13 05 00 20.530 24.1840 102.7210 7.6 0.25
2018 08 13 05 03 14.360 24.1873 102.7360 10.4 0.51
2018 08 13 05 05 09.830 24.1954 102.7380 7.7 0.69
2018 08 13 05 05 44.050 24.1609 102.8970 0.0 -0.2831858407079645
2018 08 13 05 09 32.760 24.0075 102.7150 0.0 0.34
2018 08 13 05 09 46.080 24.0387 102.6710 0.0 0.16
2018 08 13 05 10 45.270 24.0188 102.8560 0.0 -0.2831858407079645
2018 08 13 05 17 02.880 24.1772 102.7210 5.4 0.87
2018 08 13 05 17 57.800 24.1757 102.7210 7.3 1.04
2018 08 13 05 21 12.580 24.0905 102.6460 0.0 -0.19469026548672566
2018 08 13 05 21 30.770 24.2441 102.7710 0.0 -0.10619469026548663
2018 08 13 05 21 47.880 24.1379 102.8960 0.0 -0.4601769911504425
2018 08 13 05 24 27.340 24.1945 102.6950 0.0 0.16
2018 08 13 05 25 26.070 24.1898 102.7450 11.3 0.69
2018 08 13 05 27 03.750 24.1918 102.7200 5.2 0.96
2018 08 13 05 27 32.080 24.1870 102.7180 7.6 1.31
2018 08 13 05 35 04.960 24.0431 102.6850 0.0 -0.3716814159292035
2018 08 13 05 36 46.160 24.1957 102.7200 6.9 0.69
2018 08 13 05 37 08.390 24.2064 102.7510 11.0 0.42
2018 08 13 05 45 47.160 24.1860 102.7260 9.5 0.34
2018 08 13 05 46 29.900 24.1855 102.7240 9.2 0.69
2018 08 13 05 50 47.020 24.1837 102.7340 10.5 0.60
2018 08 13 05 52 16.700 24.0219 102.7550 0.0 0.16
2018 08 13 05 56 36.110 24.0791 102.9030 0.0 0.07
2018 08 13 06 00 11.380 24.1830 102.7200 4.6 1.04
2018 08 13 06 08 25.450 23.9854 102.8020 0.0 -0.10619469026548663
2018 08 13 06 08 51.660 24.2027 102.7470 10.6 0.78
2018 08 13 06 11 17.850 24.0645 102.9130 0.0 0.16
2018 08 13 06 11 44.910 24.1056 102.6660 0.0 0.34
2018 08 13 06 12 22.790 24.1428 102.9310 0.0 0.16
2018 08 13 06 13 40.490 24.1929 102.7540 10.7 0.60
2018 08 13 06 16 22.730 24.2211 102.8040 0.0 0.51
2018 08 13 06 22 09.090 24.1687 102.7300 6.6 1.22
2018 08 13 06 22 22.160 24.1977 102.7500 11.7 1.31
2018 08 13 06 27 13.540 24.1880 102.7220 7.5 1.22
2018 08 13 06 28 18.780 24.2091 102.7960 0.0 -0.19469026548672566
2018 08 13 06 32 10.370 24.1895 102.7390 10.5 0.51
2018 08 13 06 32 30.070 24.0482 102.6680 0.0 0.16
2018 08 13 06 36 44.140 24.1896 102.7190 4.0 1.40
2018 08 13 06 46 01.400 24.2064 102.7590 11.9 0.69
2018 08 13 06 49 56.980 24.1831 102.7470 12.7 1.04
2018 08 13 06 50 34.750 24.1929 102.7270 5.5 0.87
2018 08 13 07 07 20.690 24.1758 102.7210 8.0 1.22
2018 08 13 07 08 38.950 24.2464 102.7970 0.0 0.51
2018 08 13 07 10 32.190 24.1753 102.7220 6.0 2.19
2018 08 13 07 21 07.900 24.1042 102.7610 0.0 -0.017699115044247805
2018 08 13 07 21 29.620 24.2180 102.7600 0.0 0.16
2018 08 13 07 23 05.430 24.2436 102.8630 0.0 0.42
2018 08 13 07 23 47.880 24.2263 102.8020 0.0 0.60
2018 08 13 07 25 25.290 24.0264 102.7240 0.0 0.16
2018 08 13 07 27 15.710 24.0523 102.9000 0.0 0.16
2018 08 13 07 27 58.150 24.1296 102.8980 0.0 -0.017699115044247805
2018 08 13 07 28 15.840 24.2183 102.8390 0.0 0.16
2018 08 13 07 38 12.990 24.1903 102.7280 6.8 0.69
2018 08 13 07 42 20.070 24.1949 102.7410 10.1 0.96
2018 08 13 07 44 03.920 24.2251 102.7820 8.4 0.42
2018 08 13 07 44 39.140 24.0746 102.7250 0.0 0.07
2018 08 13 07 58 34.440 24.1732 102.7180 10.4 0.51
2018 08 13 08 02 05.140 24.0924 102.6440 5.0 0.34
2018 08 13 08 18 45.110 24.0970 102.7790 0.0 -0.017699115044247805
2018 08 13 08 23 49.220 24.1450 102.6810 12.7 0.51
2018 08 13 08 27 41.200 24.2140 102.7590 8.9 0.78
2018 08 13 08 28 12.600 24.1970 102.7330 7.6 0.51
2018 08 13 08 29 13.660 24.1100 102.8240 0.0 -0.19469026548672566
2018 08 13 08 32 26.030 24.1400 102.8220 0.0 -0.19469026548672566
2018 08 13 08 34 35.950 24.1420 102.8870 0.0 0.25
2018 08 13 08 34 38.140 24.1890 102.7290 11.7 0.87
2018 08 13 08 37 04.620 24.1810 102.7190 7.7 1.13
2018 08 13 08 40 08.970 24.0940 102.8050 0.0 -0.19469026548672566
2018 08 13 08 40 58.240 24.0760 102.9000 0.0 0.16
2018 08 13 08 41 19.860 24.1930 102.7410 8.6 0.78
2018 08 13 08 42 36.230 24.1060 102.8350 0.0 0.07
2018 08 13 08 44 53.440 24.1890 102.7210 10.3 0.69
2018 08 13 08 48 10.880 24.1910 102.7250 9.5 0.60
2018 08 13 08 52 04.340 24.1533 102.7000 5.5 0.42
2018 08 13 08 53 00.850 24.1650 102.7040 5.2 0.60
2018 08 13 09 00 09.790 24.1210 102.8700 0.0 -0.2831858407079645
2018 08 13 09 09 25.970 24.1770 102.7130 8.0 0.69
2018 08 13 09 12 05.290 24.1940 102.7340 8.4 1.31
2018 08 13 09 15 26.940 24.0940 102.6670 14.9 0.34
2018 08 13 09 16 34.730 24.1900 102.7370 11.9 0.96
2018 08 13 09 17 49.560 24.1750 102.7090 9.9 0.69
2018 08 13 09 27 09.970 24.1690 102.7090 8.7 0.96
2018 08 13 09 32 26.410 24.1562 102.6930 7.4 0.69
2018 08 13 09 34 06.410 24.1880 102.7180 8.2 1.75
2018 08 13 09 39 58.320 24.1490 102.6770 4.2 0.60
2018 08 13 09 48 27.210 24.1870 102.7270 9.4 1.22
2018 08 13 09 49 05.260 24.1890 102.7400 10.3 1.22
2018 08 13 10 05 10.510 24.1950 102.7470 14.0 1.04
2018 08 13 10 06 08.740 24.1989 102.7590 11.9 0.60
2018 08 13 10 08 49.050 24.2260 102.7840 8.0 1.04
2018 08 13 10 17 35.060 24.2012 102.7580 11.2 0.78
2018 08 13 10 19 36.010 24.2110 102.7720 8.0 0.51
2018 08 13 10 20 15.700 24.2090 102.7610 8.0 0.42
2018 08 13 10 34 59.820 24.1380 102.8580 0.0 0.07
2018 08 13 10 38 16.600 24.2380 102.8030 9.4 0.87
2018 08 13 10 40 14.450 24.1977 102.7390 9.9 3.43
2018 08 13 10 44 53.690 24.1836 102.9110 0.0 0.42
2018 08 13 10 45 39.440 23.9617 102.6860 0.0 1.31
2018 08 13 10 51 39.730 24.2028 102.7700 13.7 1.40
2018 08 13 10 58 03.490 24.0610 102.9200 0.0 0.60
2018 08 13 11 12 05.870 24.1013 102.9430 0.0 0.16
2018 08 13 11 14 15.930 24.1886 102.7200 5.0 0.96
2018 08 13 11 15 37.180 24.1929 102.7210 5.0 1.13
2018 08 13 11 25 12.250 24.1998 102.7180 6.8 1.22
2018 08 13 11 30 03.960 24.1782 102.7230 10.6 1.13
2018 08 13 11 33 32.390 23.9211 102.6010 0.0 0.42
2018 08 13 11 35 44.520 24.2279 102.7350 0.0 0.51
2018 08 13 11 45 01.810 24.1900 102.7400 11.9 0.96
2018 08 13 11 51 03.130 24.1810 102.6990 7.6 1.04
2018 08 13 11 55 41.570 24.1730 102.7120 7.6 1.04
2018 08 13 12 03 16.400 24.1726 102.6720 0.0 -0.10619469026548663
2018 08 13 12 38 50.270 24.1877 102.7380 7.1 0.96
2018 08 13 12 51 16.890 24.1927 102.7260 6.1 2.19
2018 08 13 12 51 55.070 24.1693 102.7240 7.0 2.02
2018 08 13 12 54 06.630 24.1748 102.7280 5.9 1.40
2018 08 13 13 35 08.800 24.1275 102.6580 9.5 0.78
2018 08 13 13 37 04.270 24.1609 102.7130 9.3 0.60
2018 08 13 13 47 54.060 24.1629 102.7140 10.6 0.87
2018 08 13 13 50 24.250 24.1920 102.7190 7.6 2.11
2018 08 13 14 02 44.880 24.1857 102.7170 6.6 1.40
2018 08 13 14 19 06.750 24.1636 102.7160 10.0 0.78
2018 08 13 14 25 25.220 24.1732 102.7200 9.5 1.40
2018 08 13 14 26 09.730 24.1760 102.7080 7.6 0.96
2018 08 13 14 43 00.130 24.1743 102.7200 10.0 1.22
2018 08 13 15 18 04.180 24.1800 102.7170 10.5 2.11
2018 08 13 15 33 54.900 24.1830 102.7180 10.7 1.04
2018 08 13 15 42 39.390 24.2007 102.7330 9.3 1.58
2018 08 13 15 55 24.030 24.1650 102.7260 9.9 0.87
2018 08 13 16 03 38.510 24.1929 102.7280 8.5 1.31
2018 08 13 16 16 07.560 24.1820 102.7070 11.5 0.78
2018 08 13 16 37 57.990 24.1732 102.7230 11.0 0.51
2018 08 13 16 39 13.820 24.2068 102.7440 7.3 1.49
2018 08 13 16 40 45.690 24.1764 102.7260 7.7 1.75
2018 08 13 17 02 38.960 24.1840 102.7160 9.9 0.51
2018 08 13 17 09 56.010 24.1844 102.7230 9.6 0.60
2018 08 13 17 42 04.980 24.1833 102.7270 10.8 0.60
2018 08 13 17 48 20.350 24.1811 102.7240 11.0 0.51
2018 08 13 17 53 43.020 24.1920 102.7100 10.3 1.13
2018 08 13 18 15 50.590 24.1657 102.7030 11.4 0.51
2018 08 13 18 25 42.620 24.1730 102.7110 9.3 0.60
2018 08 13 18 27 05.230 24.1960 102.7280 8.2 1.04
2018 08 13 18 28 07.750 24.1190 102.6620 7.3 0.42
2018 08 13 18 31 01.650 24.1797 102.7410 8.7 2.90
2018 08 13 18 33 21.460 24.1950 102.7290 6.8 1.58
2018 08 13 18 36 52.670 24.1880 102.7240 9.2 1.13
2018 08 13 18 36 57.480 24.1723 102.7230 5.8 1.13
2018 08 13 18 50 44.490 24.1700 102.7090 10.2 0.60
2018 08 13 18 51 53.530 24.1760 102.7050 12.1 0.34
2018 08 13 18 58 48.230 24.1566 102.7120 10.9 0.42
2018 08 13 19 02 22.680 24.2010 102.7190 10.1 0.60
2018 08 13 19 05 00.600 24.1770 102.7130 9.4 0.78
2018 08 13 19 07 50.720 24.1847 102.7280 8.6 1.22
2018 08 13 19 22 41.770 24.1800 102.7290 9.1 1.13
2018 08 13 19 39 47.850 24.1832 102.7260 8.4 1.22
2018 08 13 19 41 17.300 24.1910 102.7070 9.7 1.58
2018 08 13 19 58 24.920 24.1739 102.7330 8.5 1.58
2018 08 13 20 10 27.560 24.1842 102.7320 8.5 1.58
2018 08 13 20 18 20.690 24.1883 102.7230 7.6 0.60
2018 08 13 20 19 57.160 24.1861 102.7330 8.1 2.46
2018 08 13 20 25 07.470 24.1926 102.7250 8.1 1.13
2018 08 13 20 27 48.510 24.1900 102.7320 8.7 0.60
2018 08 13 21 28 01.700 24.1880 102.7300 9.4 0.69
2018 08 13 21 30 05.800 24.1825 102.7240 7.1 1.22
2018 08 13 21 46 59.920 24.1880 102.7320 7.7 1.66
2018 08 13 21 50 34.820 24.1796 102.7240 9.1 2.19
2018 08 13 21 51 52.080 24.2051 102.7380 8.7 1.58
2018 08 13 21 59 48.530 24.1877 102.7270 8.9 1.58
2018 08 13 22 21 46.290 24.1971 102.7300 7.4 1.49
2018 08 13 22 22 51.100 24.1883 102.7210 7.4 1.13
2018 08 13 22 36 01.490 24.1773 102.7240 8.8 1.13
2018 08 13 22 37 45.270 24.1923 102.7260 8.2 1.13
2018 08 13 22 38 30.120 24.1889 102.7290 9.4 0.60
2018 08 13 22 42 17.210 24.1940 102.7290 9.9 0.51
2018 08 13 22 51 25.330 24.3490 102.5260 6.0 0.42
2018 08 13 23 01 22.080 24.1850 102.7280 10.2 0.34
2018 08 13 23 04 05.610 24.1964 102.7350 8.8 0.96
2018 08 13 23 05 22.640 24.2213 102.7580 7.1 0.25
2018 08 13 23 09 00.220 24.1880 102.7300 6.7 1.22
2018 08 13 23 20 20.430 24.1966 102.7360 8.8 0.96
2018 08 13 23 23 28.510 24.1919 102.7040 13.7 0.16
2018 08 13 23 36 29.270 24.1960 102.6800 11.7 0.07
2018 08 13 23 37 36.040 24.1203 102.6670 8.0 0.16
2018 08 13 23 37 58.370 24.2175 102.7370 9.0 -0.19469026548672566
2018 08 13 23 52 58.020 24.1941 102.7330 8.4 0.87
2018 08 14 00 05 37.810 24.1980 102.7260 9.8 1.13
2018 08 14 00 14 41.560 24.1770 102.7190 10.7 0.16
2018 08 14 00 16 15.020 24.2010 102.7320 10.3 1.04
2018 08 14 00 24 05.420 24.1789 102.7290 7.9 1.40
2018 08 14 00 35 29.580 24.1808 102.7210 10.0 0.78
2018 08 14 00 44 41.740 24.1769 102.7310 9.1 0.51
2018 08 14 00 47 52.410 24.1932 102.7350 8.8 0.51
2018 08 14 00 57 32.920 24.1951 102.7300 7.3 1.13
2018 08 14 01 21 36.560 24.2184 102.7520 9.6 0.16
2018 08 14 01 49 13.790 24.1904 102.7200 4.5 0.78
2018 08 14 01 54 50.660 24.1765 102.7030 8.8 0.07
2018 08 14 02 23 15.290 24.1920 102.7210 7.6 0.51
2018 08 14 02 28 35.820 24.1798 102.7300 9.2 0.60
2018 08 14 02 36 09.750 24.1923 102.7310 9.5 1.31
2018 08 14 02 44 51.690 24.1794 102.7170 7.6 1.49
2018 08 14 02 53 23.640 24.1887 102.7390 12.5 0.25
2018 08 14 03 11 41.050 24.1824 102.7460 13.5 0.34
2018 08 14 03 48 39.150 24.1191 102.9300 0.0 -0.3716814159292035
2018 08 14 03 49 19.130 24.1921 102.7290 13.0 0.16
2018 08 14 03 50 36.460 24.1820 102.7360 14.6 5.20
2018 08 14 03 51 14.800 24.1960 102.6750 7.6 2.99
2018 08 14 03 51 26.560 24.1790 102.6710 7.6 2.46
2018 08 14 03 52 32.080 24.1890 102.7190 7.4 3.43
2018 08 14 03 53 43.050 24.2020 102.7500 11.9 2.11
2018 08 14 03 54 21.600 24.1978 102.7310 7.8 1.84
2018 08 14 03 55 07.590 24.1880 102.7260 7.6 2.73
2018 08 14 03 55 24.180 24.1967 102.7410 8.8 2.73
2018 08 14 03 55 48.840 24.2214 102.6740 0.0 0.69
2018 08 14 03 56 00.890 24.1823 102.7110 5.7 1.13
2018 08 14 03 56 05.880 24.2210 102.7350 7.6 0.78
2018 08 14 03 58 48.820 24.1914 102.7260 6.1 1.13
2018 08 14 03 59 39.170 24.1872 102.7260 8.3 1.58
2018 08 14 04 01 14.920 24.2011 102.7410 13.0 1.13
2018 08 14 04 01 24.140 24.1821 102.7290 8.1 1.93
2018 08 14 04 02 34.160 24.1890 102.7170 8.7 1.31
2018 08 14 04 03 17.000 24.1709 102.7200 11.1 0.69
2018 08 14 04 03 44.930 24.1880 102.7370 7.6 2.02
2018 08 14 04 05 22.530 24.1717 102.7260 6.6 2.02
2018 08 14 04 06 42.980 24.1817 102.7300 9.1 2.28
2018 08 14 04 07 16.700 24.1702 102.7390 12.1 0.60
2018 08 14 04 07 24.900 24.1930 102.7310 7.6 0.96
2018 08 14 04 07 36.920 24.1800 102.7050 7.6 0.42
2018 08 14 04 07 43.710 24.1830 102.7300 11.2 2.73
2018 08 14 04 09 44.790 24.2010 102.7240 7.6 0.42
2018 08 14 04 11 24.070 24.1890 102.7390 13.8 0.25
2018 08 14 04 12 46.430 24.1790 102.7130 7.6 0.78
2018 08 14 04 14 42.650 24.1921 102.7240 9.5 1.22
2018 08 14 04 17 33.870 24.1811 102.7350 12.3 0.42
2018 08 14 04 18 12.590 24.1990 102.7280 8.8 0.60
2018 08 14 04 18 59.650 24.1749 102.7320 5.5 1.75
2018 08 14 04 20 54.100 24.1971 102.7330 11.9 0.78
2018 08 14 04 21 17.950 24.1795 102.7360 14.4 0.51
2018 08 14 04 22 13.030 24.1995 102.7460 13.0 0.87
2018 08 14 04 23 39.790 24.1829 102.7250 6.0 1.31
2018 08 14 04 26 02.220 24.1805 102.7420 13.2 0.51
2018 08 14 04 28 43.130 24.1884 102.7280 14.7 0.16
2018 08 14 04 28 51.760 24.1756 102.7230 11.5 0.78
2018 08 14 04 30 08.300 24.1830 102.7350 15.0 0.78
2018 08 14 04 30 17.740 24.1814 102.7370 11.5 0.60
2018 08 14 04 30 55.960 24.2053 102.7590 9.4 0.34
2018 08 14 04 31 21.800 24.0844 102.8290 0.0 -0.5486725663716814
2018 08 14 04 31 38.320 24.1818 102.7410 14.3 0.16
2018 08 14 04 31 49.070 24.2016 102.7460 16.0 0.42
2018 08 14 04 32 45.720 24.1738 102.7540 16.6 0.42
2018 08 14 04 35 00.380 24.1894 102.7410 11.0 0.25
2018 08 14 04 36 01.410 24.1656 102.7350 12.7 0.16
2018 08 14 04 37 08.400 24.1927 102.7270 9.0 1.13
2018 08 14 04 37 43.230 24.1724 102.7170 10.5 1.49
2018 08 14 04 38 48.400 24.1917 102.7280 6.6 1.13
2018 08 14 04 39 27.170 24.1834 102.7300 12.5 0.07
2018 08 14 04 41 46.480 24.1669 102.7180 4.8 0.07
2018 08 14 04 44 02.560 24.1836 102.7270 15.0 0.25
2018 08 14 04 44 35.640 24.1849 102.7220 5.2 0.96
2018 08 14 04 44 52.250 24.1895 102.7180 5.7 1.66
2018 08 14 04 45 03.830 24.1930 102.7100 7.6 2.02
2018 08 14 04 45 56.600 24.1893 102.7240 5.6 1.49
2018 08 14 04 46 49.680 24.1981 102.7340 8.0 1.31
2018 08 14 04 49 18.900 24.2030 102.7190 7.6 0.34
2018 08 14 04 54 54.080 24.1738 102.7180 8.5 0.16
2018 08 14 04 57 43.390 24.1881 102.7320 7.1 1.93
2018 08 14 04 58 35.980 24.1880 102.7150 7.6 1.31
2018 08 14 04 59 04.430 24.1853 102.7220 8.6 1.49
2018 08 14 04 59 52.150 24.1883 102.7060 4.7 0.96
2018 08 14 05 00 07.250 24.1870 102.7170 4.4 2.11
2018 08 14 05 00 44.190 24.1810 102.7070 5.4 0.51
2018 08 14 05 02 11.180 24.1890 102.7160 4.2 0.60
2018 08 14 05 04 11.510 24.1890 102.7180 3.2 0.16
2018 08 14 05 04 23.300 24.1870 102.7170 4.6 0.96
2018 08 14 05 10 08.140 24.1820 102.7130 4.4 0.42
2018 08 14 05 13 11.900 24.1900 102.7260 6.6 1.66
2018 08 14 05 13 43.760 24.1950 102.7140 5.1 0.51
2018 08 14 05 18 01.090 24.2080 102.7230 3.6 0.34
2018 08 14 05 20 17.790 24.1760 102.6480 6.5 -0.017699115044247805
2018 08 14 05 21 28.780 24.2070 102.6640 6.6 -0.017699115044247805
2018 08 14 05 23 49.850 24.1730 102.7170 7.6 1.84
2018 08 14 05 27 00.320 24.1850 102.7130 5.8 0.69
2018 08 14 05 28 26.050 24.1920 102.7250 11.4 2.46
2018 08 14 05 30 25.740 24.2050 102.6530 6.1 0.07
2018 08 14 05 30 31.870 24.1990 102.6930 11.0 0.16
2018 08 14 05 30 52.160 24.1810 102.7160 4.4 -0.017699115044247805
2018 08 14 05 31 01.480 24.1780 102.7180 5.0 0.07
2018 08 14 05 33 19.040 24.1930 102.7230 4.3 1.31
2018 08 14 05 33 34.970 24.1890 102.6440 8.6 0.69
2018 08 14 05 33 44.330 24.1980 102.6390 5.2 0.60
2018 08 14 05 34 50.180 24.1970 102.6650 7.5 0.07
2018 08 14 05 36 00.360 24.1890 102.7180 4.9 0.60
2018 08 14 05 36 41.820 24.1790 102.6990 4.2 1.04
2018 08 14 05 37 30.000 24.1740 102.7070 4.8 0.16
2018 08 14 05 41 58.810 24.2030 102.6490 5.9 0.16
2018 08 14 05 43 58.900 24.1630 102.6660 5.1 0.51
2018 08 14 05 44 23.160 24.1860 102.7130 4.6 1.58
2018 08 14 05 47 00.780 24.1900 102.7240 6.5 1.22
2018 08 14 05 47 23.860 24.1760 102.7070 4.9 0.16
2018 08 14 05 55 09.030 24.1730 102.7000 5.7 0.34
2018 08 14 05 56 21.330 24.1650 102.6910 4.5 0.34
2018 08 14 05 56 50.690 24.1870 102.6660 6.7 0.16
2018 08 14 05 59 07.550 24.1910 102.7130 4.1 1.31
2018 08 14 06 00 21.190 24.2050 102.6390 6.4 0.25
2018 08 14 06 00 53.940 24.1950 102.7240 5.0 1.22
2018 08 14 06 12 44.950 24.1810 102.7170 8.3 1.31
2018 08 14 06 27 13.870 24.1830 102.7370 11.7 0.42
2018 08 14 06 29 04.420 24.2000 102.7450 10.0 0.51
2018 08 14 06 29 44.590 24.1870 102.7170 4.7 0.69
2018 08 14 06 42 52.510 24.1780 102.7190 2.7 0.87
2018 08 14 06 52 58.550 24.1980 102.7260 4.1 0.87
2018 08 14 06 54 00.390 24.2060 102.7180 13.3 2.28
2018 08 14 07 08 23.350 24.1910 102.7150 4.2 0.69
2018 08 14 07 09 53.970 24.1960 102.7310 9.9 0.96
2018 08 14 07 10 29.930 24.1950 102.7230 4.1 0.51
2018 08 14 07 13 18.400 24.1940 102.7250 9.5 1.40
2018 08 14 07 17 14.020 24.1850 102.7220 3.2 1.40
2018 08 14 07 20 29.440 24.1770 102.7040 4.6 0.51
2018 08 14 07 29 32.780 24.1970 102.7200 8.4 2.55
2018 08 14 07 33 47.170 24.1860 102.7060 5.6 1.04
2018 08 14 07 40 21.740 24.1720 102.7120 4.1 1.22
2018 08 14 07 40 52.310 24.1920 102.7140 4.9 1.13
2018 08 14 07 42 11.100 24.1900 102.7120 4.9 0.42
2018 08 14 07 44 13.300 24.1820 102.7070 5.0 0.69
2018 08 14 07 55 40.970 24.1780 102.7070 4.3 0.87
2018 08 14 07 55 58.850 24.1870 102.7130 4.1 0.78
2018 08 14 07 56 42.340 24.1950 102.7220 5.2 1.58
2018 08 14 07 57 49.420 24.1777 102.7240 8.1 0.60
2018 08 14 08 02 10.420 24.1910 102.7280 12.3 2.90
2018 08 14 08 02 51.960 24.1770 102.7080 5.0 1.13
2018 08 14 08 18 59.400 24.1920 102.7130 6.1 1.58
2018 08 14 08 28 50.040 24.1820 102.7010 6.0 0.87
2018 08 14 08 31 57.400 24.1630 102.7050 6.3 0.69
2018 08 14 08 33 14.290 24.1750 102.7210 9.9 2.28
2018 08 14 08 35 17.540 24.1730 102.7100 5.5 1.22
2018 08 14 08 35 32.250 24.1770 102.7120 5.2 0.69
2018 08 14 08 36 45.270 24.1930 102.7100 6.1 1.04
2018 08 14 08 40 07.800 24.1790 102.7140 3.2 0.60
2018 08 14 08 42 35.690 24.1760 102.7020 5.1 1.04
2018 08 14 08 44 59.710 24.1730 102.7150 5.0 1.04
2018 08 14 08 50 04.480 24.1850 102.7110 5.1 1.49
2018 08 14 08 50 42.210 24.1900 102.7100 4.1 0.96
2018 08 14 08 51 56.040 24.1680 102.7040 2.9 0.51
2018 08 14 08 53 23.470 24.1860 102.7110 5.0 1.31
2018 08 14 08 55 04.430 24.1760 102.7040 4.9 1.04
2018 08 14 09 10 15.490 24.2030 102.7310 14.1 2.73
2018 08 14 09 11 13.330 24.1910 102.7220 6.1 1.49
2018 08 14 09 12 10.780 24.1739 102.7110 6.1 0.42
2018 08 14 09 12 30.150 24.1960 102.7110 5.6 2.11
2018 08 14 09 13 06.990 24.1970 102.7140 6.3 0.78
2018 08 14 09 13 39.410 24.2000 102.7210 5.4 0.87
2018 08 14 09 13 52.850 24.2100 102.6370 5.0 0.34
2018 08 14 09 14 17.990 24.1788 102.7020 4.6 0.07
2018 08 14 09 37 20.890 24.1765 102.7160 6.0 0.78
2018 08 14 09 40 12.480 24.1940 102.7190 4.5 0.96
2018 08 14 09 52 58.320 24.2020 102.7120 5.1 0.96
2018 08 14 09 53 41.040 24.1750 102.7090 6.2 0.87
2018 08 14 09 57 15.180 24.1920 102.7160 4.6 1.22
2018 08 14 10 03 43.660 24.1950 102.7230 4.7 1.75
2018 08 14 10 20 26.130 24.1570 102.7100 4.6 0.42
2018 08 14 10 23 17.720 24.1460 102.7090 6.1 0.69
2018 08 14 10 27 21.090 24.1860 102.7170 5.0 0.87
2018 08 14 10 30 33.130 24.2010 102.7060 5.6 0.60
2018 08 14 10 34 33.280 24.1840 102.7140 4.8 1.04
2018 08 14 10 40 13.950 24.1790 102.7080 4.0 0.69
2018 08 14 10 48 46.600 24.1770 102.7070 4.7 0.60
2018 08 14 10 51 48.910 24.1870 102.7250 5.2 0.87
2018 08 14 10 52 47.390 24.1910 102.7200 5.6 0.60
2018 08 14 10 57 03.050 24.1940 102.6910 5.5 0.60
2018 08 14 10 57 33.660 24.2000 102.7270 5.2 0.78
2018 08 14 11 00 43.000 24.1530 102.7040 7.1 0.51
2018 08 14 11 00 53.620 24.1890 102.7210 6.0 0.96
2018 08 14 11 01 17.320 24.1693 102.7040 6.7 0.42
2018 08 14 11 01 39.220 24.1660 102.7080 3.3 0.96
2018 08 14 11 09 57.050 24.1810 102.7030 6.0 0.51
2018 08 14 11 28 06.050 24.2100 102.9310 12.4 1.58
2018 08 14 11 31 51.140 24.1620 102.7020 6.0 0.69
2018 08 14 11 37 05.600 24.1860 102.7170 4.1 0.51
2018 08 14 11 39 08.540 24.1630 102.6960 5.0 0.60
2018 08 14 12 03 37.560 24.1858 102.7320 13.5 0.69
2018 08 14 12 20 10.170 24.2017 102.7410 13.8 1.04
2018 08 14 12 25 28.750 24.2032 102.7220 12.5 0.87
2018 08 14 12 26 47.160 24.2000 102.7150 7.6 0.60
2018 08 14 12 36 05.550 24.5102 102.7770 0.0 1.31
2018 08 14 12 41 13.910 24.1968 102.7300 7.3 1.75
2018 08 14 12 49 22.490 24.1909 102.7360 9.2 1.31
2018 08 14 12 53 46.380 24.1881 102.7350 17.6 0.69
2018 08 14 13 02 57.920 24.1760 102.7330 9.4 2.99
2018 08 14 13 03 47.870 24.1565 102.7640 11.1 0.96
2018 08 14 13 08 02.270 24.1731 102.7250 10.2 0.34
2018 08 14 13 17 32.250 24.1698 102.7420 12.2 0.69
2018 08 14 13 30 41.320 24.2106 102.7450 14.5 0.87
2018 08 14 13 32 35.750 24.2019 102.7500 16.7 0.69
2018 08 14 13 33 42.440 24.1134 102.9340 0.0 0.87
2018 08 14 13 46 52.800 24.1708 102.7320 6.8 1.22
2018 08 14 14 21 09.930 24.1720 102.7000 5.6 0.78
2018 08 14 14 25 48.230 24.1750 102.6560 7.8 0.60
2018 08 14 14 25 58.010 24.1640 102.7020 5.5 0.60
2018 08 14 14 30 01.230 24.1890 102.7240 4.4 1.31
2018 08 14 14 42 00.640 24.1850 102.7070 6.2 0.51
2018 08 14 14 48 04.140 24.1760 102.7240 9.9 1.13
2018 08 14 15 06 50.530 24.1670 102.7020 6.3 0.34
2018 08 14 15 48 09.290 24.1890 102.7120 4.8 1.04
2018 08 14 15 53 12.860 24.1598 102.6950 10.0 0.16
2018 08 14 15 53 31.680 24.1690 102.7110 8.7 0.34
2018 08 14 16 07 45.010 24.2040 102.6530 8.9 0.16
2018 08 14 16 08 17.760 24.1590 102.6580 4.6 0.34
2018 08 14 16 38 58.000 24.1940 102.7320 11.5 1.22
2018 08 14 16 45 23.050 24.1860 102.7200 10.6 0.34
2018 08 14 17 05 06.540 24.1750 102.7140 9.1 0.16
2018 08 14 17 07 31.680 24.1780 102.7130 10.1 0.16
2018 08 14 17 22 40.520 24.1820 102.7180 8.9 0.87
2018 08 14 17 28 21.060 24.2140 102.7600 7.5 0.07
2018 08 14 17 54 14.890 24.1810 102.7180 10.4 0.16
2018 08 14 17 59 13.650 24.1810 102.7230 6.9 1.40
2018 08 14 18 03 04.360 24.1501 102.6900 7.5 0.07
2018 08 14 18 05 52.950 24.2040 102.7040 11.3 0.07
2018 08 14 18 12 42.750 24.1890 102.7250 9.5 0.25
2018 08 14 18 19 03.380 24.1940 102.7310 10.0 0.87
2018 08 14 18 22 32.870 24.1820 102.7260 10.4 0.96
2018 08 14 18 28 52.380 24.1680 102.7160 10.6 0.25
2018 08 14 18 32 23.600 24.1956 102.7990 5.8 0.16
2018 08 14 18 32 58.060 24.1780 102.7120 8.6 0.69
2018 08 14 18 56 04.770 24.1820 102.7230 10.7 0.42
2018 08 14 19 03 19.890 24.1890 102.7010 8.9 0.16
2018 08 14 19 36 52.520 24.1710 102.7080 9.3 0.16
2018 08 14 19 56 54.010 24.1770 102.7120 8.4 0.34
2018 08 14 20 44 42.560 24.1800 102.7220 10.7 1.22
2018 08 14 20 56 54.170 24.1820 102.7080 9.4 0.16
2018 08 14 21 44 59.950 24.1840 102.7230 7.6 1.93
2018 08 14 21 51 14.960 24.1970 102.7200 10.8 0.34
2018 08 14 22 26 07.380 24.1970 102.7540 15.3 0.51
2018 08 14 22 55 22.230 24.1800 102.7170 8.5 0.25
2018 08 14 23 03 34.970 24.1870 102.7260 10.7 0.60
2018 08 14 23 43 15.160 24.1890 102.7250 10.3 0.87
2018 08 15 00 00 11.890 24.1950 102.7230 10.2 0.87
2018 08 15 00 13 35.720 24.2040 102.7300 6.1 0.42
2018 08 15 00 24 22.260 24.1990 102.7400 5.7 -0.19469026548672566
2018 08 15 01 07 39.620 24.1890 102.7220 7.4 0.16
2018 08 15 01 09 27.290 24.1850 102.7110 9.6 0.96
2018 08 15 01 14 14.890 24.1740 102.7190 9.3 1.04
2018 08 15 01 14 17.850 24.1770 102.7220 9.8 1.40
2018 08 15 01 16 07.840 24.1760 102.7170 7.4 0.96
2018 08 15 01 27 41.620 24.1840 102.7200 10.2 0.87
2018 08 15 01 52 16.710 24.1910 102.7230 8.6 0.51
2018 08 15 01 52 53.930 24.1890 102.7370 5.1 -0.19469026548672566
2018 08 15 01 56 31.360 24.1840 102.7220 9.9 0.07
2018 08 15 02 00 21.050 24.1990 102.7310 9.2 1.04
2018 08 15 02 05 11.150 24.1790 102.7230 10.6 0.42
2018 08 15 02 21 16.700 24.1860 102.7270 9.0 -0.19469026548672566
2018 08 15 02 22 46.220 24.1710 102.7110 7.0 0.34
2018 08 15 02 27 22.030 24.1770 102.7190 9.3 -0.017699115044247805
2018 08 15 02 37 45.880 24.1850 102.7090 10.3 -0.2831858407079645
2018 08 15 02 45 01.210 24.1780 102.7270 10.3 0.25
2018 08 15 02 50 30.600 24.1840 102.7140 10.0 -0.017699115044247805
2018 08 15 03 00 59.350 24.1880 102.7260 8.3 0.16
2018 08 15 03 19 05.360 24.1880 102.7190 10.6 -0.017699115044247805
2018 08 15 03 45 58.310 24.1930 102.7260 8.0 0.87
2018 08 15 03 48 18.870 24.1660 102.7200 9.0 0.07
2018 08 15 03 55 31.510 24.1790 102.7130 12.7 3.26
2018 08 15 03 57 11.490 24.1650 102.7200 4.9 0.34
2018 08 15 04 21 54.140 24.2000 102.7480 8.7 -0.017699115044247805
2018 08 15 04 51 33.520 24.1790 102.7140 11.0 0.07
2018 08 15 04 56 12.350 24.1770 102.7210 10.4 1.40
2018 08 15 05 34 36.700 24.1220 102.8830 0.0 -0.2831858407079645
2018 08 15 05 34 46.790 24.1940 102.7330 10.4 0.60
2018 08 15 06 21 16.910 24.1800 102.7160 10.0 0.51
2018 08 15 06 35 49.800 24.1570 102.6940 9.7 0.25
2018 08 15 06 40 01.300 24.2040 102.7410 9.2 0.25
2018 08 15 06 50 46.900 24.1900 102.7390 10.2 0.87
2018 08 15 07 03 01.080 24.1960 102.7220 6.7 1.58
2018 08 15 07 23 07.720 24.1150 102.6600 10.0 0.42
2018 08 15 07 34 59.010 24.1760 102.7160 11.5 0.07
2018 08 15 07 49 49.620 24.1870 102.7320 8.8 0.34
2018 08 15 08 02 53.940 24.1930 102.7240 9.8 1.04
2018 08 15 08 21 43.230 24.1720 102.7270 10.0 1.40
2018 08 15 08 25 38.370 24.2000 102.7270 9.4 1.40
2018 08 15 08 28 18.230 24.1870 102.7170 9.8 1.31
2018 08 15 08 32 23.630 24.1760 102.7210 10.7 1.40
2018 08 15 10 12 09.080 24.1900 102.7210 8.5 1.13
2018 08 15 10 14 22.130 24.1760 102.7110 10.1 0.69
2018 08 15 11 15 55.060 24.1900 102.7230 9.0 1.84
2018 08 15 11 18 32.360 24.1430 102.6880 9.9 0.60
2018 08 15 11 20 32.310 24.1800 102.7140 9.6 0.87
2018 08 15 11 22 24.870 24.1610 102.7050 9.3 0.69
2018 08 15 11 33 44.150 23.7550 102.5890 13.9 0.69
2018 08 15 12 34 45.430 24.1880 102.7270 9.7 1.31
2018 08 15 13 02 12.310 24.4320 102.4470 21.7 1.13
2018 08 15 13 43 51.890 24.1720 102.7110 9.2 0.60
2018 08 15 14 14 55.450 24.1940 102.7230 9.2 1.13
2018 08 15 14 48 10.900 24.1970 102.7340 10.7 1.66
2018 08 15 15 26 02.600 24.1780 102.7270 9.4 1.31
2018 08 15 18 14 17.830 24.1810 102.6860 5.4 0.25
2018 08 15 18 17 31.400 24.2840 102.6360 6.2 0.16
2018 08 15 18 55 57.910 24.1662 102.7250 6.4 2.19
2018 08 15 18 57 03.370 24.1793 102.7230 10.0 1.04
2018 08 15 19 08 35.210 24.4645 102.5330 0.0 0.78
2018 08 15 19 56 41.650 24.1783 102.6860 7.6 0.51
2018 08 15 20 07 12.750 24.1891 102.7350 6.1 2.28
2018 08 15 20 10 55.900 24.1952 102.7350 8.3 1.04
2018 08 15 20 54 01.240 24.1997 102.7440 15.0 0.96
2018 08 15 20 59 04.020 24.1910 102.7270 8.9 2.73
2018 08 15 21 09 56.770 24.1910 102.7170 10.0 1.13
2018 08 15 22 21 10.640 24.1866 102.7430 9.3 2.37
2018 08 15 22 21 52.430 24.1896 102.6910 5.9 0.25
2018 08 15 22 46 53.670 24.1898 102.7160 0.0 0.69
2018 08 15 22 48 34.110 24.1800 102.7270 11.0 2.28
2018 08 15 22 49 43.310 24.1889 102.7080 4.6 0.78
2018 08 15 23 10 30.590 24.1745 102.6810 5.5 0.07
2018 08 15 23 57 50.210 24.1940 102.7220 8.6 0.42
2018 08 16 00 00 56.290 24.1887 102.7400 11.1 0.69
2018 08 16 00 03 04.610 24.2012 102.7430 11.8 1.04
2018 08 16 00 06 37.230 24.1878 102.7410 14.6 0.25
2018 08 16 00 22 22.640 24.2027 102.7420 10.7 1.13
2018 08 16 01 00 14.870 24.1923 102.7340 13.4 0.07
2018 08 16 01 01 03.190 24.1183 102.6930 12.8 -0.10619469026548663
2018 08 16 01 01 27.270 24.1754 102.7110 13.9 0.16
2018 08 16 01 22 38.930 24.1809 102.7520 18.1 -0.10619469026548663
2018 08 16 01 40 47.250 24.2054 102.7330 13.7 0.34
2018 08 16 01 44 10.250 24.2190 102.5950 10.5 0.42
2018 08 16 01 47 30.790 24.1767 102.7370 17.2 0.34
2018 08 16 02 58 03.530 24.1859 102.7360 13.1 0.69
2018 08 16 03 02 46.910 24.1729 102.7180 13.7 0.07
2018 08 16 03 10 50.860 24.1767 102.7260 11.2 -0.017699115044247805
2018 08 16 03 18 50.890 24.1797 102.7280 10.9 0.51
2018 08 16 03 25 26.520 24.1613 102.6980 10.8 0.07
2018 08 16 03 49 20.730 24.1793 102.7170 11.9 0.07
2018 08 16 03 54 59.700 24.1831 102.7430 11.4 0.34
2018 08 16 06 00 49.160 24.1973 102.7400 12.2 0.51
2018 08 16 10 11 16.280 24.1858 102.7330 10.1 0.51
2018 08 16 10 20 43.530 24.0605 102.9360 0.0 0.25
2018 08 16 10 45 18.330 24.1839 102.7100 6.7 0.60
2018 08 16 10 50 46.920 24.1960 102.7130 7.6 1.75
2018 08 16 10 55 48.930 24.1128 102.7880 0.0 0.07
2018 08 16 11 37 00.830 24.1679 102.7100 13.6 0.60
2018 08 16 11 48 23.680 24.2061 102.7280 9.6 1.04
2018 08 16 12 01 28.460 24.1839 102.7280 13.6 1.04
2018 08 16 12 35 38.570 24.3800 102.4800 7.6 0.78
2018 08 16 12 36 59.850 24.3994 102.4230 14.2 0.69
2018 08 16 14 55 01.480 24.1824 102.7240 8.3 0.69
2018 08 16 15 14 41.970 24.1692 102.7290 10.2 1.31
2018 08 16 17 31 50.790 24.1904 102.7410 12.4 0.69
2018 08 16 18 45 11.910 24.1764 102.6850 8.3 0.78
2018 08 16 18 57 15.230 24.0990 102.5070 7.6 0.96
2018 08 16 20 27 25.410 24.0765 102.9110 0.0 0.34
2018 08 16 20 52 17.910 24.2056 102.7340 12.3 1.31
2018 08 16 22 14 43.400 24.1761 102.7160 8.4 0.78
2018 08 16 22 20 11.210 24.1875 102.7290 6.6 1.49
2018 08 16 22 33 10.330 24.1442 102.7050 8.1 0.07
2018 08 16 23 03 44.580 24.1930 102.7270 9.3 2.11
2018 08 16 23 21 36.250 24.1750 102.7330 9.1 0.51
2018 08 16 23 48 17.970 24.1740 102.7320 8.2 1.31
2018 08 17 01 25 43.400 24.1870 102.7320 8.2 1.22
2018 08 17 01 35 14.010 24.1990 102.7250 7.8 0.60
2018 08 17 02 50 35.670 24.1480 102.7600 5.7 0.16
2018 08 17 03 27 24.300 24.1770 102.7210 8.0 0.60
2018 08 17 04 45 50.480 24.0280 102.6340 12.5 0.69
2018 08 17 05 00 31.690 24.1840 102.7210 6.4 1.13
2018 08 17 06 51 35.970 23.8830 102.9080 6.2 1.04
2018 08 17 06 56 12.740 24.1890 102.7280 8.5 0.78
2018 08 17 10 16 57.460 24.2020 102.7360 10.0 1.13
2018 08 17 10 57 59.320 24.1890 102.7240 10.6 0.42
2018 08 17 12 20 47.890 24.2310 102.8750 10.1 1.40
2018 08 17 12 30 14.890 24.4120 102.4410 14.0 1.04
2018 08 17 12 51 45.410 24.4340 102.4560 5.0 0.96
2018 08 17 14 33 19.480 24.1810 102.7370 10.1 0.16
2018 08 17 15 46 22.560 24.1750 102.7130 9.5 0.69
2018 08 17 16 14 03.330 24.1920 102.7240 7.8 0.78
2018 08 17 17 04 24.320 24.1690 102.7180 10.6 0.25
2018 08 17 17 06 44.060 24.1710 102.7040 11.1 0.96
2018 08 17 17 19 58.980 24.1730 102.7190 9.4 2.64
2018 08 17 20 11 20.080 24.1960 102.7210 9.0 0.96
2018 08 17 23 15 07.960 24.1980 102.7310 10.6 0.42
2018 08 17 23 34 16.760 24.1840 102.7260 10.4 0.51
2018 08 18 00 44 01.200 24.1813 102.7250 8.8 0.07
2018 08 18 00 52 50.820 24.1742 102.7230 9.6 0.25
2018 08 18 01 53 57.620 24.1968 102.7380 7.6 1.49
2018 08 18 01 59 19.360 24.1936 102.7160 10.6 0.16
2018 08 18 02 17 37.110 24.1790 102.7190 9.4 0.16
2018 08 18 02 32 45.880 24.1911 102.7190 8.5 0.78
2018 08 18 02 42 05.750 24.1819 102.7320 6.8 2.19
2018 08 18 03 24 52.470 24.1797 102.6810 5.8 0.07
2018 08 18 03 26 30.520 24.1946 102.7420 8.0 1.75
2018 08 18 04 25 52.810 24.2080 102.7470 11.7 0.34
2018 08 18 04 55 18.230 24.1674 102.7100 12.0 0.25
2018 08 18 04 59 53.270 24.1830 102.7200 10.5 0.34
2018 08 18 06 53 44.670 24.1502 102.6990 7.9 0.42
2018 08 18 07 06 42.300 24.1792 102.7240 6.4 2.28
2018 08 18 11 19 56.100 24.1879 102.7210 7.4 1.13
2018 08 18 11 21 09.410 23.8517 102.5400 0.0 0.34
2018 08 18 11 56 32.290 24.1386 102.7160 6.6 0.25
2018 08 18 12 20 06.480 24.1810 102.7300 9.5 1.31
2018 08 18 12 21 39.450 24.1580 102.6480 5.7 0.87
2018 08 18 12 47 34.060 24.1618 102.7160 14.1 0.34
2018 08 18 14 02 54.150 24.1885 102.7270 11.9 0.69
2018 08 18 14 15 48.940 24.1931 102.7320 7.7 2.37
2018 08 18 16 11 47.730 24.1940 102.7230 8.4 0.87
2018 08 18 21 20 37.850 24.1900 102.7370 10.2 0.51
2018 08 18 22 52 53.750 24.1750 102.7190 9.9 0.25
2018 08 19 00 01 30.380 24.1708 102.7220 9.8 0.60
2018 08 19 00 08 29.340 24.1784 102.7220 10.0 0.42
2018 08 19 00 51 47.360 24.1828 102.7270 6.7 0.51
2018 08 19 01 36 16.070 24.1818 102.7420 6.2 2.02
2018 08 19 01 41 47.180 24.1896 102.7300 7.0 0.25
2018 08 19 02 24 20.300 24.1574 102.7770 9.6 0.16
2018 08 19 03 06 23.330 24.1587 102.7000 7.1 -0.10619469026548663
2018 08 19 03 45 55.210 24.1795 102.7270 6.7 -0.2831858407079645
2018 08 19 04 24 43.400 24.1771 102.7290 11.0 0.51
2018 08 19 05 35 03.360 24.1958 102.7290 7.3 0.69
2018 08 19 05 43 15.640 24.1870 102.7230 10.0 -0.19469026548672566
2018 08 19 05 52 39.380 24.5220 102.4080 10.0 0.34
2018 08 19 07 39 26.140 24.1433 102.7160 12.8 0.34
2018 08 19 10 40 03.140 24.1702 102.7230 8.3 1.13
2018 08 19 11 37 27.480 24.1725 102.7260 10.2 0.69
2018 08 19 13 26 28.070 24.1915 102.7240 8.9 0.51
2018 08 19 15 37 45.750 24.1964 102.7240 7.6 1.22
2018 08 19 15 54 10.390 24.2458 102.4360 0.0 0.25
2018 08 19 17 41 59.660 24.1811 102.7240 10.0 1.04
2018 08 19 21 16 27.030 24.1845 102.7250 8.5 0.16
2018 08 19 21 17 12.680 24.1948 102.7260 6.9 0.60
2018 08 19 23 03 00.190 24.4004 102.5130 5.6 0.78
2018 08 19 23 29 22.230 24.1838 102.7220 7.1 0.69
2018 08 20 00 03 37.810 24.1940 102.6990 10.5 0.42
2018 08 20 00 32 15.990 24.1830 102.7300 8.5 0.16
2018 08 20 01 27 14.860 24.1760 102.7190 10.7 0.07
2018 08 20 01 54 39.930 24.1880 102.7220 10.4 -0.017699115044247805
2018 08 20 03 04 34.010 24.1810 102.7220 10.2 0.69
2018 08 20 04 08 03.450 24.1820 102.7700 10.3 0.42
2018 08 20 04 16 16.360 24.1920 102.7330 8.0 0.69
2018 08 20 04 28 25.930 24.2020 102.7360 10.2 0.25
2018 08 20 04 51 42.620 24.1870 102.7220 8.0 1.22
2018 08 20 07 15 01.660 24.1720 102.7160 7.7 0.69
2018 08 20 10 28 26.380 24.1860 102.7420 14.8 0.60
2018 08 20 11 33 06.860 23.9436 102.3480 0.0 0.42
2018 08 20 11 33 55.620 24.1680 102.7150 8.1 0.51
2018 08 20 12 40 45.420 24.1630 102.9410 8.2 1.40
2018 08 20 12 45 31.430 24.1267 102.8850 0.0 0.69
2018 08 20 14 11 14.400 24.1900 102.7240 7.5 2.11
2018 08 20 15 14 53.590 24.1860 102.7220 11.0 0.69
2018 08 20 17 43 35.330 24.1900 102.7460 9.5 0.87
2018 08 20 19 36 04.300 24.2000 102.7280 9.0 1.31
2018 08 20 20 42 03.080 24.2010 102.7300 9.8 2.64
2018 08 20 20 42 07.710 24.1910 102.7320 10.0 2.81
2018 08 20 21 26 23.390 24.1900 102.7250 9.2 0.60
2018 08 20 21 31 47.390 24.1960 102.7300 10.9 0.34
2018 08 20 22 15 00.480 24.2030 102.7400 10.3 0.34
2018 08 20 22 19 36.380 24.1800 102.7170 6.1 1.40
2018 08 20 22 24 16.820 24.2010 102.7340 10.5 1.58
2018 08 20 22 32 48.710 24.1960 102.7350 8.9 0.51
2018 08 21 00 01 15.990 24.1930 102.6920 12.1 0.69
2018 08 21 00 15 52.970 24.1780 102.7190 10.6 0.60
2018 08 21 00 26 31.930 24.1760 102.7090 8.6 0.07
2018 08 21 00 29 03.320 24.2030 102.7350 10.8 0.16
