2014 08 03 16 30 11.050 27.1010 103.3810 12.6 6.71
2014 08 03 16 31 34.040 27.1200 103.3810 5.1 4.05
2014 08 03 16 33 21.010 27.3669 102.8270 0.0 3.52
2014 08 03 16 36 06.400 27.0710 103.4060 12.3 3.08
2014 08 03 16 37 48.120 26.9413 103.4640 0.0 2.81
2014 08 03 16 38 01.910 27.1801 103.3420 5.0 3.43
2014 08 03 16 38 36.290 27.0710 103.3930 4.7 2.64
2014 08 03 16 38 50.150 27.1645 103.2790 0.0 2.81
2014 08 03 16 39 38.780 27.1025 103.3960 11.9 2.46
2014 08 03 16 40 07.290 26.9313 103.4670 0.0 2.02
2014 08 03 16 40 35.450 27.0985 103.3420 6.6 2.37
2014 08 03 16 41 28.440 27.0896 103.3720 5.0 2.37
2014 08 03 16 42 01.060 27.2142 103.3190 12.8 1.93
2014 08 03 16 42 56.550 27.1009 103.3020 5.0 3.35
2014 08 03 16 44 40.980 26.7942 103.4200 0.0 2.81
2014 08 03 16 45 19.150 27.1280 103.3550 6.8 3.61
2014 08 03 16 45 53.030 26.7625 103.4110 0.0 3.17
2014 08 03 16 46 46.900 27.1490 103.3860 0.0 2.37
2014 08 03 16 47 36.690 27.0768 103.3830 6.5 2.37
2014 08 03 16 48 02.310 27.0795 103.4090 15.9 2.73
2014 08 03 16 48 40.900 27.2515 103.2760 4.9 2.37
2014 08 03 16 49 38.510 27.0560 103.3520 6.8 2.46
2014 08 03 16 50 33.920 27.2354 103.2740 10.0 2.28
2014 08 03 16 51 12.500 27.0984 103.3670 9.7 2.19
2014 08 03 16 51 33.950 26.6827 103.3200 0.0 1.58
2014 08 03 16 52 13.480 27.1419 103.3330 4.9 2.37
2014 08 03 16 53 25.350 26.6025 103.2210 0.0 1.93
2014 08 03 16 53 59.690 26.8870 103.4140 0.0 2.73
2014 08 03 16 54 48.630 26.8725 103.4440 0.0 1.93
2014 08 03 16 55 44.070 27.1120 103.3240 11.4 2.55
2014 08 03 16 56 57.500 27.1315 103.3490 6.5 2.37
2014 08 03 17 00 15.670 27.1330 103.3560 6.3 2.90
2014 08 03 17 02 28.090 27.1512 103.3200 7.8 2.19
2014 08 03 17 03 48.490 27.0910 103.3740 6.3 2.99
2014 08 03 17 04 27.210 27.0714 103.3990 9.0 2.90
2014 08 03 17 06 35.040 27.1170 103.3550 5.1 2.37
2014 08 03 17 06 59.320 27.1300 103.3400 6.3 2.28
2014 08 03 17 07 36.700 27.1010 103.3500 6.3 2.90
2014 08 03 17 08 41.120 27.0220 103.4090 5.1 2.90
2014 08 03 17 13 08.610 27.1310 103.3680 21.0 3.35
2014 08 03 17 14 57.490 27.0618 103.3910 7.6 2.11
2014 08 03 17 15 50.850 27.1306 103.3570 9.5 1.93
2014 08 03 17 17 33.210 27.0902 103.3720 6.0 2.28
2014 08 03 17 19 03.110 27.0195 103.4230 6.2 2.11
2014 08 03 17 19 38.350 27.0725 103.4080 7.1 2.02
2014 08 03 17 20 30.950 27.0808 103.3800 13.0 1.66
2014 08 03 17 22 07.100 27.1260 103.3610 22.3 3.35
2014 08 03 17 23 40.310 27.1550 103.3760 9.0 1.84
2014 08 03 17 24 44.530 27.1270 103.3680 9.0 2.37
2014 08 03 17 28 09.310 27.1025 103.3370 6.6 2.37
2014 08 03 17 29 37.350 27.1405 103.3350 5.0 2.02
2014 08 03 17 30 26.590 27.1051 103.3760 3.5 2.73
2014 08 03 17 35 16.520 27.1220 103.3660 9.0 2.02
2014 08 03 17 35 57.330 27.1250 103.3690 9.0 2.02
2014 08 03 17 37 55.240 27.0510 103.4260 9.0 1.49
2014 08 03 17 39 05.030 27.0470 103.3980 9.0 2.46
2014 08 03 17 41 11.160 27.1200 103.3890 10.9 2.02
2014 08 03 17 45 19.860 27.0595 103.4040 11.8 1.75
2014 08 03 17 47 10.390 27.1350 103.3530 19.1 2.11
2014 08 03 17 47 34.400 27.1360 103.3510 9.6 2.11
2014 08 03 17 48 31.470 27.1150 103.3860 9.6 2.11
2014 08 03 17 49 30.560 27.0900 103.3780 9.6 2.28
2014 08 03 17 52 23.540 27.0730 103.3790 8.1 2.46
2014 08 03 17 56 03.700 27.1060 103.3830 17.6 2.90
2014 08 03 17 58 05.430 27.0930 103.3400 8.1 2.19
2014 08 03 18 00 17.210 27.0320 103.3060 8.4 1.66
2014 08 03 18 00 49.750 27.1090 103.3810 19.9 1.93
2014 08 03 18 03 51.310 27.0872 103.3490 20.4 1.66
2014 08 03 18 04 08.280 27.0450 103.3580 6.8 2.28
2014 08 03 18 08 09.210 27.0490 103.3880 6.6 2.81
2014 08 03 18 09 17.650 27.0665 103.2130 14.2 1.66
2014 08 03 18 10 16.550 27.0550 103.2550 6.8 2.02
2014 08 03 18 12 43.020 27.1100 103.3410 6.8 3.52
2014 08 03 18 15 35.780 27.0560 103.2010 6.8 1.75
2014 08 03 18 16 39.930 27.3493 103.0860 0.0 2.19
2014 08 03 18 17 54.180 27.0774 103.3550 16.3 2.28
2014 08 03 18 18 08.580 27.0960 103.3210 8.9 2.46
2014 08 03 18 19 36.500 27.2429 103.2990 17.9 1.49
2014 08 03 18 19 58.470 27.0986 103.3410 24.4 2.19
2014 08 03 18 21 32.220 27.0991 103.3780 6.4 1.66
2014 08 03 18 26 13.200 27.0860 103.3750 6.8 1.84
2014 08 03 18 30 22.090 27.0750 103.3240 5.1 2.37
2014 08 03 18 32 34.990 27.0978 103.3890 6.7 2.19
2014 08 03 18 34 01.090 27.1130 103.3590 10.7 3.61
2014 08 03 18 36 07.400 27.0890 103.3020 5.1 2.37
2014 08 03 18 38 07.150 27.0540 103.3700 5.1 1.84
2014 08 03 18 39 51.100 27.0970 103.3330 12.4 2.73
2014 08 03 18 42 11.570 27.0990 103.3270 18.0 2.46
2014 08 03 18 42 55.150 27.0840 103.3870 5.1 2.11
2014 08 03 18 43 09.090 27.1770 103.2320 5.1 2.37
2014 08 03 18 45 31.280 27.0630 103.4170 19.9 2.37
2014 08 03 18 47 39.930 27.1480 103.3440 13.6 1.93
2014 08 03 18 50 24.930 27.0210 103.4250 23.8 2.46
2014 08 03 18 51 25.040 27.2899 103.0920 0.0 1.84
2014 08 03 18 52 52.720 27.1970 103.2450 0.0 1.75
2014 08 03 18 53 16.640 27.0510 103.4030 5.1 1.84
2014 08 03 18 54 55.840 27.0920 103.3370 5.1 2.11
2014 08 03 18 56 26.800 27.3365 103.0030 0.0 1.75
2014 08 03 18 58 14.850 27.2631 103.1830 0.0 1.93
2014 08 03 18 59 44.590 27.3616 103.2170 6.4 1.75
2014 08 03 19 05 39.250 27.1095 103.3430 5.0 2.99
2014 08 03 19 06 17.680 27.0644 103.3840 6.7 3.08
2014 08 03 19 07 21.140 27.0940 103.3670 5.0 4.58
2014 08 03 19 10 05.660 27.0246 103.4350 5.7 2.46
2014 08 03 19 10 27.120 27.0870 103.3730 5.1 2.73
2014 08 03 19 13 28.930 27.0682 103.3440 17.1 1.84
2014 08 03 19 14 54.930 27.0875 103.4020 6.8 2.37
2014 08 03 19 15 21.960 27.0510 103.3790 5.1 2.99
2014 08 03 19 17 17.570 27.0943 103.3630 4.2 3.08
2014 08 03 19 21 37.980 27.1130 103.3760 9.0 2.11
2014 08 03 19 23 11.130 26.9200 103.7310 0.0 1.40
2014 08 03 19 26 48.230 27.0386 103.4270 5.7 2.19
2014 08 03 19 27 54.510 27.0460 103.4220 7.0 2.37
2014 08 03 19 28 25.340 27.0730 103.4070 9.0 2.81
2014 08 03 19 31 25.060 26.8838 103.4080 0.0 2.19
2014 08 03 19 31 54.930 27.1040 103.3030 5.1 3.08
2014 08 03 19 34 00.700 27.0340 103.4310 4.5 2.11
2014 08 03 19 34 13.500 27.0285 103.4270 11.9 2.28
2014 08 03 19 35 51.600 27.0920 103.3020 9.0 2.55
2014 08 03 19 37 04.890 26.6642 103.3710 0.0 2.19
2014 08 03 19 38 55.870 27.1288 103.3030 15.3 2.02
2014 08 03 19 39 51.200 27.1275 103.3060 0.0 2.02
2014 08 03 19 42 29.800 26.8266 103.4020 0.0 1.49
2014 08 03 19 44 24.430 27.3486 103.2870 0.0 1.66
2014 08 03 19 45 31.480 27.0999 103.3080 4.7 1.84
2014 08 03 19 46 32.640 27.0560 103.3700 9.0 3.52
2014 08 03 19 49 29.200 27.0981 103.3820 16.6 1.93
2014 08 03 19 51 02.660 26.6369 103.3200 0.0 2.19
2014 08 03 19 52 34.650 27.0600 103.4000 4.3 2.37
2014 08 03 19 54 55.950 27.2653 103.4110 0.0 1.93
2014 08 03 20 09 57.610 27.0810 103.3850 8.1 2.19
2014 08 03 20 11 06.540 27.0740 103.3950 8.1 2.19
2014 08 03 20 13 01.200 27.0817 103.3700 5.3 2.90
2014 08 03 20 14 50.090 27.0980 103.4080 8.1 2.19
2014 08 03 20 17 00.610 27.1320 103.3900 8.1 2.37
2014 08 03 20 21 56.120 27.3557 102.8150 0.0 1.75
2014 08 03 20 22 12.580 26.8504 103.4230 0.0 2.11
2014 08 03 20 25 54.970 27.1160 103.3640 8.1 2.37
2014 08 03 20 28 26.500 27.1220 103.2930 8.1 2.64
2014 08 03 20 30 39.070 26.9896 103.4520 5.0 2.37
2014 08 03 20 31 46.780 26.6191 103.3340 0.0 2.19
2014 08 03 20 35 30.810 27.0760 103.4130 8.1 2.28
2014 08 03 20 39 57.950 27.2185 103.2850 0.0 2.11
2014 08 03 20 42 27.550 27.1051 103.3580 4.0 2.37
2014 08 03 20 45 54.990 27.1190 103.3480 8.1 2.37
2014 08 03 20 49 07.590 27.0960 103.3190 18.5 2.81
2014 08 03 20 54 28.940 27.0530 103.3860 8.1 2.28
2014 08 03 20 59 57.440 27.0974 103.3410 5.0 2.55
2014 08 03 21 01 09.930 27.0970 103.3940 9.9 1.84
2014 08 03 21 02 17.480 27.3136 103.2890 0.0 2.02
2014 08 03 21 03 58.550 26.9476 103.5370 4.8 1.58
2014 08 03 21 11 19.220 27.1166 103.3830 2.6 2.81
2014 08 03 21 13 26.310 27.1029 103.3550 7.3 1.58
2014 08 03 21 18 41.900 26.8613 103.4630 0.0 1.75
2014 08 03 21 28 04.280 27.0810 103.3990 5.3 1.93
2014 08 03 21 36 48.330 27.2119 103.3610 0.0 2.02
2014 08 03 21 47 08.200 27.1230 103.3680 5.0 4.50
2014 08 03 21 52 32.790 27.2288 103.2060 0.0 2.02
2014 08 03 21 59 40.480 27.1925 103.2410 0.0 2.02
2014 08 03 22 02 03.370 27.0930 103.3040 5.1 2.02
2014 08 03 22 05 51.720 27.0997 103.3810 5.0 2.64
2014 08 03 22 13 44.050 27.0422 103.4050 11.6 1.84
2014 08 03 22 14 48.740 27.0190 103.4240 6.8 2.64
2014 08 03 22 18 38.970 27.1040 103.3410 5.1 2.28
2014 08 03 22 19 27.820 26.8259 103.3860 0.0 1.93
2014 08 03 22 22 14.550 27.0950 103.3400 5.1 2.46
2014 08 03 22 25 10.580 27.1190 103.3750 15.4 2.64
2014 08 03 22 28 28.840 27.1050 103.3570 15.8 4.50
2014 08 03 22 32 57.200 27.1006 103.3910 19.4 1.49
2014 08 03 22 35 05.990 27.1220 103.3980 0.0 2.28
2014 08 03 22 36 56.050 27.1010 103.3580 11.9 2.19
2014 08 03 22 42 07.780 27.0339 103.3600 0.0 1.66
2014 08 03 22 45 01.790 27.0252 103.4370 2.8 1.66
2014 08 03 22 52 15.570 27.0910 103.3490 5.1 2.28
2014 08 03 22 56 11.410 27.1304 103.3320 6.4 1.40
2014 08 03 22 58 06.410 27.0270 103.4080 16.3 2.64
2014 08 03 23 00 31.060 26.9969 103.3410 0.0 1.04
2014 08 03 23 03 51.320 26.9672 103.4490 0.0 1.93
2014 08 03 23 05 19.100 27.0978 103.3370 5.7 1.40
2014 08 03 23 07 36.980 27.2513 103.2660 0.0 1.49
2014 08 03 23 08 30.440 27.0820 103.3720 9.0 3.43
2014 08 03 23 15 05.410 27.1109 103.2270 6.5 1.58
2014 08 03 23 17 09.770 27.3236 102.8530 0.0 1.58
2014 08 03 23 22 09.840 27.0529 103.4130 0.0 1.93
2014 08 03 23 23 32.130 27.0900 103.2860 9.0 2.19
2014 08 03 23 27 40.790 27.1140 103.3860 9.0 1.58
2014 08 03 23 31 19.060 27.0869 103.3480 10.0 1.75
2014 08 03 23 34 44.890 26.9267 103.4010 0.0 1.40
2014 08 03 23 36 31.650 27.2495 103.2470 0.0 2.11
2014 08 03 23 39 34.940 27.0551 103.4040 6.2 1.66
2014 08 03 23 40 30.940 26.6318 103.3320 0.0 1.66
2014 08 03 23 48 09.060 27.0620 103.3960 9.0 2.02
2014 08 03 23 52 17.950 27.2407 103.2560 0.0 1.49
2014 08 03 23 53 57.640 27.2227 103.1510 0.0 1.66
2014 08 03 23 55 09.630 27.1002 103.4180 8.1 1.58
2014 08 03 23 55 10.550 27.3382 102.8530 0.0 1.84
2014 08 04 00 02 03.990 27.0880 103.3430 5.1 1.75
2014 08 04 00 07 49.310 27.0960 103.4120 13.0 2.37
2014 08 04 00 17 56.310 27.1271 103.3740 5.3 1.66
2014 08 04 00 25 18.220 27.1110 103.3300 16.0 3.17
2014 08 04 00 27 24.700 27.0791 103.3640 6.4 2.19
2014 08 04 00 30 21.990 27.0963 103.3980 5.5 1.75
2014 08 04 00 36 30.990 26.9970 103.4610 5.1 1.40
2014 08 04 00 38 50.250 27.0980 103.3540 15.6 1.40
2014 08 04 00 40 13.490 26.8841 103.4630 0.0 1.84
2014 08 04 00 43 55.150 27.0420 103.4100 7.8 1.84
2014 08 04 00 48 11.960 27.0450 103.4170 8.8 1.66
2014 08 04 00 50 23.380 27.1140 103.3860 15.0 1.84
2014 08 04 00 54 30.360 26.8468 103.3880 0.0 1.93
2014 08 04 00 55 29.240 27.0530 103.4150 12.1 2.46
2014 08 04 01 00 08.370 27.1130 103.3330 10.3 1.66
2014 08 04 01 05 12.660 27.0973 103.3740 10.0 1.93
2014 08 04 01 06 29.850 27.0674 103.3680 17.1 1.93
2014 08 04 01 22 45.880 27.1110 103.3000 8.1 1.84
2014 08 04 01 31 06.790 27.3240 103.0910 0.0 1.75
2014 08 04 01 34 07.490 27.1050 103.3320 12.0 2.02
2014 08 04 01 36 58.810 27.0937 103.3810 5.0 1.66
2014 08 04 01 37 57.530 27.0189 103.4350 5.9 1.66
2014 08 04 01 41 57.580 27.0320 103.4120 5.0 2.99
2014 08 04 01 43 32.210 27.0730 103.3970 12.0 2.11
2014 08 04 01 46 47.380 27.1025 103.3370 4.9 1.93
2014 08 04 01 52 37.810 27.0850 103.3740 12.0 1.75
2014 08 04 01 54 41.490 27.0376 103.4240 3.9 1.58
2014 08 04 01 58 17.900 27.0470 103.4030 12.0 1.58
2014 08 04 01 59 59.010 27.0400 103.3930 5.3 2.37
2014 08 04 02 03 53.660 27.0135 103.4000 12.6 1.84
2014 08 04 02 19 01.570 27.1440 103.3750 14.8 1.93
2014 08 04 02 20 54.270 27.0515 103.4170 6.9 1.49
2014 08 04 02 21 24.510 27.1290 103.2600 5.1 2.19
2014 08 04 02 23 42.700 27.1080 103.3620 16.0 1.93
2014 08 04 02 26 16.390 27.1160 103.3330 5.1 2.46
2014 08 04 02 27 20.750 27.1899 103.2490 0.0 1.40
2014 08 04 02 30 52.550 27.2127 103.3370 10.0 1.31
2014 08 04 02 34 29.030 27.0617 103.3700 18.0 1.84
2014 08 04 02 35 12.480 27.0870 103.3410 6.8 1.40
2014 08 04 02 37 28.400 26.7183 103.3950 0.0 1.75
2014 08 04 02 38 15.540 27.0959 103.3550 7.4 2.46
2014 08 04 02 40 50.210 27.0705 103.3980 8.4 1.31
2014 08 04 02 46 49.110 27.2523 103.2900 0.0 0.87
2014 08 04 02 49 10.320 27.1357 103.7660 0.0 0.51
2014 08 04 02 55 37.430 27.0600 103.3710 4.5 1.49
2014 08 04 02 59 03.120 27.0440 103.4230 6.8 1.22
2014 08 04 03 02 53.040 27.1420 103.3310 16.4 1.66
2014 08 04 03 04 47.970 27.1180 103.3530 5.1 1.49
2014 08 04 03 05 17.890 27.0703 103.3540 5.3 1.49
2014 08 04 03 10 43.300 26.9090 103.4030 0.0 1.04
2014 08 04 03 17 39.350 26.9090 103.4260 0.0 1.49
2014 08 04 03 18 28.300 26.9090 103.2380 0.0 0.69
2014 08 04 03 21 18.410 27.0510 103.3980 13.3 1.93
2014 08 04 03 22 08.170 27.0730 103.4020 5.1 1.40
2014 08 04 03 24 33.140 26.9090 103.4090 0.0 1.04
2014 08 04 03 25 43.780 26.9090 103.3980 0.0 1.04
2014 08 04 03 29 18.290 26.9090 103.4030 0.0 1.40
2014 08 04 03 30 31.660 27.0950 103.3640 5.1 4.67
2014 08 04 03 34 09.210 26.9090 103.4340 0.0 1.75
2014 08 04 03 34 34.270 26.9090 103.4420 0.0 1.93
2014 08 04 03 35 03.130 26.9090 103.4330 0.0 1.75
2014 08 04 03 35 48.290 26.9090 103.2560 0.0 1.22
2014 08 04 03 36 16.190 27.0690 103.3850 5.1 2.11
2014 08 04 03 38 22.720 26.9090 103.4350 0.0 1.84
2014 08 04 03 39 52.560 27.0875 103.3940 12.6 1.93
2014 08 04 03 41 50.570 27.0150 103.4350 5.1 1.40
2014 08 04 03 43 06.550 27.0730 103.4040 5.1 1.49
2014 08 04 03 44 55.660 26.9090 103.3900 0.0 1.58
2014 08 04 03 45 28.200 27.0740 103.4140 5.3 1.93
2014 08 04 03 45 50.210 26.9090 103.4400 0.0 1.84
2014 08 04 03 47 00.760 26.9090 103.4490 0.0 1.58
2014 08 04 03 48 14.040 26.9090 103.3650 0.0 1.04
2014 08 04 03 48 43.040 26.9090 103.3930 0.0 0.96
2014 08 04 03 49 25.650 26.9090 103.4540 0.0 1.22
2014 08 04 03 53 45.880 27.0818 103.3690 16.2 1.75
2014 08 04 03 54 16.850 27.3931 102.9600 0.0 1.58
2014 08 04 04 02 49.580 27.0890 103.3610 8.1 1.66
2014 08 04 04 07 57.340 27.0850 103.3750 4.9 1.40
2014 08 04 04 13 10.450 27.0770 103.4020 6.3 1.75
2014 08 04 04 19 09.940 27.1240 103.2960 6.0 1.13
2014 08 04 04 23 31.500 26.9540 103.4820 36.4 1.49
2014 08 04 04 24 09.740 27.0780 103.4100 21.4 1.49
2014 08 04 04 26 03.030 27.0400 103.3710 6.4 1.40
2014 08 04 04 26 33.260 27.1190 103.2350 21.7 1.13
2014 08 04 04 28 20.090 27.0840 103.3030 5.7 2.37
2014 08 04 04 39 02.350 27.0237 103.4340 5.7 1.66
2014 08 04 04 41 35.960 27.0780 103.2680 4.5 2.19
2014 08 04 04 45 52.450 27.0706 103.3760 16.6 1.13
2014 08 04 04 46 53.530 27.1070 103.3510 3.5 1.66
2014 08 04 05 01 33.710 27.0780 103.3740 6.0 1.31
2014 08 04 05 04 49.030 27.3094 103.0690 0.0 1.22
2014 08 04 05 12 36.340 27.0389 103.4440 5.0 1.40
2014 08 04 05 15 33.930 27.0832 103.3170 0.0 1.40
2014 08 04 05 20 44.290 26.7662 103.4350 0.0 1.22
2014 08 04 05 23 38.150 27.0960 103.3700 6.0 1.75
2014 08 04 05 27 17.770 27.1021 103.3960 5.2 1.66
2014 08 04 05 34 35.840 27.0232 103.3640 0.0 1.31
2014 08 04 05 36 06.360 27.0960 103.3440 6.0 1.66
2014 08 04 05 44 22.430 27.1198 103.3090 7.1 1.31
2014 08 04 05 46 01.410 27.1060 103.3400 6.7 2.46
2014 08 04 05 52 54.550 27.2690 103.1780 0.0 1.40
2014 08 04 05 53 22.500 27.1173 103.4390 0.0 1.66
2014 08 04 05 54 05.210 27.0960 103.3120 12.0 2.99
2014 08 04 05 58 05.020 27.0210 103.4200 6.0 1.84
2014 08 04 05 58 54.720 27.0199 103.4310 5.0 1.40
2014 08 04 06 02 58.170 27.3110 103.2520 8.6 1.84
2014 08 04 06 08 58.170 27.0470 103.4000 8.1 2.90
2014 08 04 06 12 48.540 26.8230 103.4300 0.0 1.58
2014 08 04 06 13 27.590 27.3129 102.9880 0.0 1.58
2014 08 04 06 14 56.650 27.1014 103.3290 4.1 1.22
2014 08 04 06 15 56.080 27.0658 103.3860 5.2 1.49
2014 08 04 06 17 48.750 27.1060 103.3690 8.6 1.93
2014 08 04 06 18 19.110 27.0670 103.3880 8.6 3.35
2014 08 04 06 20 48.820 27.0900 103.3980 8.6 1.75
2014 08 04 06 21 52.140 27.0295 103.3180 8.8 1.75
2014 08 04 06 25 05.030 27.0812 103.3990 6.3 1.58
2014 08 04 06 25 58.380 27.2489 103.2520 0.0 1.66
2014 08 04 06 28 18.920 27.1130 103.3630 8.6 1.58
2014 08 04 06 41 28.770 27.0534 103.3640 0.0 2.19
2014 08 04 06 45 36.980 27.1200 103.3900 8.6 1.49
2014 08 04 06 51 38.820 27.0740 103.3870 5.1 1.66
2014 08 04 06 59 10.300 27.0430 103.3330 8.6 1.40
2014 08 04 07 00 55.720 27.0980 103.3870 6.5 1.49
2014 08 04 07 02 44.980 26.9910 103.4490 6.8 1.66
2014 08 04 07 06 10.850 27.0980 103.3460 6.8 3.70
2014 08 04 07 20 18.460 27.1080 103.3340 6.8 2.02
2014 08 04 07 24 20.600 27.1240 103.3460 6.8 1.93
2014 08 04 07 32 15.210 27.0550 103.4030 6.8 1.66
2014 08 04 07 43 59.730 27.2565 103.2730 6.3 1.40
2014 08 04 07 44 42.590 27.0227 103.4320 5.0 1.93
2014 08 04 07 46 53.220 26.9407 103.4630 7.2 1.84
2014 08 04 07 53 48.000 27.0308 103.4140 9.6 1.84
2014 08 04 07 58 53.980 27.1612 103.3400 17.4 1.49
2014 08 04 08 05 42.660 27.1550 103.3230 15.7 1.84
2014 08 04 08 07 30.340 27.0262 103.4270 6.9 1.75
2014 08 04 08 35 35.740 27.0980 103.3590 5.1 1.66
2014 08 04 08 38 15.650 27.1010 103.3600 5.1 1.58
2014 08 04 08 42 25.650 27.2753 103.2820 0.0 2.02
2014 08 04 08 46 58.390 27.0070 103.3800 5.1 2.55
2014 08 04 08 52 47.170 27.1110 103.3610 4.5 1.93
2014 08 04 08 54 28.410 27.0548 103.4030 10.0 2.02
2014 08 04 08 54 58.630 27.0991 103.2670 0.0 1.66
2014 08 04 09 02 08.600 27.0910 103.4010 19.5 2.02
2014 08 04 09 04 15.790 26.8304 103.4740 0.0 2.11
2014 08 04 09 09 28.900 27.0453 103.4340 0.0 2.19
2014 08 04 09 11 59.090 26.9787 103.4320 9.2 1.75
2014 08 04 09 12 32.920 26.7780 103.3020 0.0 1.75
2014 08 04 09 17 57.980 26.9010 103.5150 5.1 1.93
2014 08 04 09 43 32.310 27.1260 103.3570 14.1 2.55
2014 08 04 09 48 04.460 26.8953 103.4930 0.0 1.93
2014 08 04 09 52 06.870 26.9589 103.4750 0.0 2.11
2014 08 04 10 19 27.140 27.2210 103.3500 0.0 1.84
2014 08 04 10 23 53.610 27.0829 103.4220 5.0 2.11
2014 08 04 10 29 35.610 27.0263 103.4340 5.0 2.19
2014 08 04 11 06 29.180 27.0215 103.4440 5.0 1.75
2014 08 04 11 15 07.280 27.0654 103.3900 11.1 2.02
2014 08 04 11 36 47.760 27.1300 103.3600 12.0 1.93
2014 08 04 11 39 24.910 27.1282 103.3720 5.0 2.19
2014 08 04 12 09 14.970 26.9480 103.4480 0.0 1.84
2014 08 04 12 26 37.130 26.7789 103.3760 0.0 1.13
2014 08 04 12 28 13.970 27.3817 103.0730 0.0 1.84
2014 08 04 12 33 12.290 26.6251 103.3570 0.0 1.84
2014 08 04 12 44 59.460 26.8090 103.3880 0.0 1.58
2014 08 04 13 15 25.410 26.8335 103.4790 0.0 1.49
2014 08 04 13 16 32.880 27.2583 103.1560 0.0 1.84
2014 08 04 13 19 37.350 27.0930 103.3820 6.8 2.02
2014 08 04 13 20 56.770 27.0921 103.3910 6.0 1.49
2014 08 04 13 21 48.170 27.1663 103.2350 5.0 1.58
2014 08 04 13 21 50.250 27.0411 102.9510 0.0 1.40
2014 08 04 13 45 22.020 27.1167 103.3500 9.2 3.26
2014 08 04 14 02 24.930 27.1310 103.3020 5.1 2.19
2014 08 04 14 04 26.220 27.0253 103.4420 0.0 1.75
2014 08 04 14 08 12.090 27.0493 103.5300 0.0 1.75
2014 08 04 14 11 26.950 27.1117 103.3580 0.0 1.66
2014 08 04 14 17 19.180 27.1670 103.3490 5.1 2.19
2014 08 04 14 22 02.850 27.1140 103.3650 5.1 2.28
2014 08 04 14 22 41.420 27.3836 102.8330 0.0 2.37
2014 08 04 14 33 43.740 27.1390 103.3820 0.0 1.84
2014 08 04 15 00 37.630 27.1156 103.3800 6.0 1.93
2014 08 04 15 03 46.610 27.1180 103.3620 6.8 2.02
2014 08 04 15 04 47.230 27.1010 103.3810 6.8 2.11
2014 08 04 15 09 52.830 27.1170 103.2500 6.8 2.19
2014 08 04 15 15 57.010 27.0390 103.3730 6.8 2.73
2014 08 04 15 49 35.510 27.0990 103.3830 6.8 1.66
2014 08 04 15 52 14.310 27.1270 103.3510 5.1 1.31
2014 08 04 16 22 08.470 27.0880 103.3750 6.8 1.66
2014 08 04 16 26 38.210 26.6323 103.3440 0.0 1.58
2014 08 04 16 43 56.580 27.1450 103.3220 6.8 2.46
2014 08 04 17 08 06.680 27.0940 103.4020 6.8 1.93
2014 08 04 17 25 39.430 27.1257 103.3940 14.3 2.02
2014 08 04 17 38 51.430 27.1344 103.3550 7.8 2.37
2014 08 04 17 48 16.780 27.1010 103.3740 6.1 1.58
2014 08 04 17 52 13.480 27.1040 103.3830 6.8 2.55
2014 08 04 18 18 40.690 27.0370 103.2280 7.6 1.49
2014 08 04 18 47 45.750 27.3412 103.1400 0.0 1.93
2014 08 04 18 53 52.340 27.3083 102.8540 0.0 1.66
2014 08 04 18 58 19.830 27.1315 103.3280 8.8 1.66
2014 08 04 18 59 42.650 27.1153 103.3180 4.9 2.02
2014 08 04 19 17 50.720 27.3198 102.9090 0.0 1.58
2014 08 04 19 18 56.270 27.1279 103.3000 5.0 1.31
2014 08 04 19 20 16.100 27.0150 103.3860 6.8 2.37
2014 08 04 19 38 22.970 27.1579 103.3220 15.0 1.22
2014 08 04 19 45 18.900 27.1612 103.3210 15.5 1.58
2014 08 04 19 54 06.960 27.0806 103.3860 0.0 1.49
2014 08 04 19 56 20.580 27.1416 103.3300 12.6 1.66
2014 08 04 20 11 19.350 27.0590 103.4010 5.7 2.55
2014 08 04 20 13 16.370 27.0430 103.4120 5.0 1.75
2014 08 04 20 19 36.100 27.2446 103.2830 0.0 1.93
2014 08 04 20 31 34.330 27.0854 103.3500 10.0 1.75
2014 08 04 20 37 30.790 27.0670 103.3970 5.7 1.84
2014 08 04 20 40 46.840 27.0910 103.3270 5.7 1.93
2014 08 04 20 43 21.290 27.2456 103.2770 0.0 1.75
2014 08 04 21 13 39.230 27.0800 103.3940 5.3 1.84
2014 08 04 21 19 25.220 27.1190 103.3730 5.3 1.13
2014 08 04 21 20 11.470 27.0854 103.3770 4.9 1.22
2014 08 04 21 28 37.800 27.1790 103.3140 5.3 2.02
2014 08 04 21 41 37.180 27.1625 103.5190 0.0 1.75
2014 08 04 21 49 33.460 27.0820 103.4010 5.3 1.13
2014 08 04 21 52 51.610 27.1606 103.3650 6.8 1.75
2014 08 04 21 58 19.920 27.0770 103.3900 5.3 1.40
2014 08 04 22 05 08.680 27.0980 103.3200 6.8 2.19
2014 08 04 22 15 30.420 27.1170 103.3790 8.3 2.11
2014 08 04 22 17 29.120 27.1786 103.3110 0.0 1.22
2014 08 04 22 18 31.290 27.2500 102.8020 0.0 1.40
2014 08 04 22 19 41.430 27.1080 103.3760 5.1 1.49
2014 08 04 22 27 56.000 27.1260 103.3520 10.7 1.84
2014 08 04 22 32 54.720 27.0640 103.4050 5.1 1.58
2014 08 04 22 34 03.980 27.0820 103.3880 5.1 1.58
2014 08 04 22 34 34.830 27.1220 103.3610 14.7 1.40
2014 08 04 22 39 05.450 27.0900 103.3230 10.9 1.49
2014 08 04 22 42 07.120 27.0890 103.3790 13.6 1.58
2014 08 04 22 43 25.320 27.1500 103.3370 5.1 1.49
2014 08 04 22 44 24.020 27.1240 103.3100 8.3 2.11
2014 08 04 22 45 26.820 27.1150 103.3760 8.6 2.46
2014 08 04 22 48 30.730 27.1280 103.3700 5.1 1.40
2014 08 04 23 01 05.740 27.2230 103.2110 5.1 1.22
2014 08 04 23 32 34.080 26.6082 103.3460 0.0 1.31
2014 08 04 23 34 59.930 27.1180 103.3250 5.1 1.66
2014 08 04 23 40 56.090 27.3411 103.1270 0.0 1.58
2014 08 04 23 51 25.210 27.1350 103.3600 13.9 2.19
2014 08 04 23 52 36.960 27.1240 103.3300 5.1 1.66
2014 08 04 23 53 23.430 27.0820 103.3850 5.1 1.40
2014 08 05 00 07 02.540 27.1230 103.3430 12.0 0.96
2014 08 05 00 23 06.230 27.1910 103.3470 12.0 1.31
2014 08 05 00 24 18.810 27.1525 103.2590 16.5 1.22
2014 08 05 00 25 13.550 27.1310 103.3190 12.0 1.58
2014 08 05 00 35 41.940 27.0910 103.4000 12.0 1.58
2014 08 05 00 39 08.600 27.1160 103.3470 12.0 1.84
2014 08 05 00 45 39.720 27.0492 103.3920 3.7 1.22
2014 08 05 00 48 33.980 27.0820 103.3860 6.0 1.40
2014 08 05 00 58 31.830 27.1960 103.3150 6.0 1.40
2014 08 05 01 07 52.980 27.0540 103.4010 12.0 1.75
2014 08 05 01 09 09.680 27.1376 103.3770 12.3 0.87
2014 08 05 01 30 31.680 27.1090 103.3560 13.9 2.46
2014 08 05 01 32 39.610 27.0938 103.3730 5.0 1.13
2014 08 05 01 43 07.230 27.0680 103.3780 12.0 2.64
2014 08 05 01 43 51.440 27.1020 103.3260 12.0 3.08
2014 08 05 01 57 08.890 27.0600 103.4060 12.0 1.93
2014 08 05 01 59 22.260 27.1160 103.3730 12.0 1.04
2014 08 05 02 07 50.000 27.1120 103.3470 11.0 1.93
2014 08 05 02 15 39.740 27.3520 103.2130 20.4 1.13
2014 08 05 02 18 09.920 27.1210 103.3210 12.0 0.69
2014 08 05 02 23 35.930 27.1118 103.3610 8.0 0.78
2014 08 05 02 31 36.510 27.2170 103.3100 20.0 1.04
2014 08 05 02 32 52.450 27.1660 103.3270 6.3 1.75
2014 08 05 02 35 34.330 26.8330 103.4010 0.0 1.22
2014 08 05 02 37 00.530 27.0660 103.3700 18.5 1.31
2014 08 05 02 40 25.170 27.1190 103.3520 10.3 2.02
2014 08 05 02 42 44.250 27.0985 103.3710 23.9 1.04
2014 08 05 02 46 56.380 27.0320 103.3970 5.1 1.04
2014 08 05 02 47 55.360 27.1530 103.3630 16.6 1.93
2014 08 05 02 56 00.340 27.1500 103.3430 18.5 1.13
2014 08 05 02 58 14.590 27.1300 103.3470 16.4 1.31
2014 08 05 02 58 26.600 27.0970 103.3160 9.0 1.49
2014 08 05 03 00 50.130 27.1089 103.3140 5.0 1.13
2014 08 05 03 02 44.550 27.1360 103.3460 16.8 1.93
2014 08 05 03 17 43.270 26.8232 103.3980 0.0 1.04
2014 08 05 03 23 13.070 27.1220 103.3480 13.0 1.49
2014 08 05 03 24 09.520 27.0609 103.3970 5.0 1.31
2014 08 05 03 37 18.240 27.1949 103.2850 25.1 0.87
2014 08 05 03 38 36.290 26.8793 103.3930 0.0 0.96
2014 08 05 03 43 34.240 27.0818 103.3960 5.0 0.78
2014 08 05 03 57 01.360 26.9958 103.0830 0.0 0.51
2014 08 05 03 59 18.350 26.8639 103.0800 9.5 1.13
2014 08 05 04 00 36.670 27.1230 103.3200 6.8 1.31
2014 08 05 04 03 47.530 27.1130 103.3610 6.8 1.31
2014 08 05 04 04 38.640 27.1141 103.4120 5.0 1.04
2014 08 05 04 14 43.240 27.1475 103.3570 4.9 1.04
2014 08 05 04 15 09.940 27.1130 103.3660 6.8 1.40
2014 08 05 04 23 46.940 27.1250 103.3780 4.6 0.96
2014 08 05 04 29 55.210 27.1710 103.3260 4.7 1.58
2014 08 05 04 52 15.350 27.1260 103.3220 6.8 1.49
2014 08 05 04 59 48.880 27.1194 103.3390 5.4 0.96
2014 08 05 05 10 49.900 27.2262 103.2810 10.3 0.96
2014 08 05 05 14 37.580 27.0921 103.2750 9.6 3.26
2014 08 05 05 23 35.340 27.0550 103.3680 6.8 0.96
2014 08 05 05 32 49.500 27.0840 103.3870 6.8 1.49
2014 08 05 05 39 08.160 27.0661 103.3170 9.9 1.04
2014 08 05 05 52 33.540 27.1170 103.3060 5.1 1.40
2014 08 05 05 54 45.610 27.1506 103.3440 11.5 1.22
2014 08 05 05 58 55.960 27.1114 103.3490 7.3 1.66
2014 08 05 06 17 03.230 27.1879 103.2630 0.0 1.22
2014 08 05 06 20 54.290 27.1100 103.3440 17.1 3.43
2014 08 05 06 31 35.330 27.1348 103.3280 17.7 1.31
2014 08 05 06 42 16.140 27.1035 103.3450 5.2 1.31
2014 08 05 06 45 04.330 27.3436 103.0560 0.0 1.22
2014 08 05 06 45 26.120 27.2950 103.2080 0.0 1.49
2014 08 05 06 52 24.960 27.0930 103.3940 17.6 2.37
2014 08 05 06 59 04.930 27.0780 103.2790 2.4 1.40
2014 08 05 07 00 30.020 27.0620 103.3930 5.5 1.93
2014 08 05 07 03 26.740 26.8177 103.4170 0.0 1.49
2014 08 05 07 06 16.910 27.1372 103.2800 4.8 1.58
2014 08 05 07 15 29.890 27.1307 103.3410 17.6 1.31
2014 08 05 07 18 23.990 27.1496 103.2830 16.6 1.22
2014 08 05 07 21 42.370 27.0240 103.4030 4.4 2.19
2014 08 05 08 00 44.480 27.1130 103.3710 8.5 1.84
2014 08 05 08 29 34.430 27.1200 103.3700 11.4 3.52
2014 08 05 08 52 05.080 27.1070 103.3790 12.0 1.84
2014 08 05 09 01 50.420 27.1413 103.3470 25.1 1.49
2014 08 05 09 20 07.120 27.1060 103.3600 5.0 3.08
2014 08 05 09 42 11.850 27.1210 103.3470 7.3 2.02
2014 08 05 10 04 15.120 27.1120 103.3300 8.6 2.55
2014 08 05 10 58 42.980 27.0310 103.4230 18.4 1.22
2014 08 05 11 06 05.290 27.1360 103.3930 12.0 2.02
2014 08 05 11 13 02.020 27.0760 103.3150 12.0 2.55
2014 08 05 11 15 17.270 27.1140 103.3430 9.0 2.28
2014 08 05 11 24 44.710 27.1340 103.3590 12.0 2.11
2014 08 05 11 40 58.860 27.1049 103.3710 11.3 1.04
2014 08 05 12 19 42.360 27.1036 103.3340 5.0 1.40
2014 08 05 12 22 54.180 27.1161 103.3880 5.0 1.31
2014 08 05 12 25 56.560 27.0720 103.3910 6.8 1.13
2014 08 05 12 37 27.670 27.1130 103.3290 9.0 1.84
2014 08 05 12 49 20.560 27.1150 103.3340 12.0 1.31
2014 08 05 13 22 45.810 27.1010 103.3650 6.2 1.40
2014 08 05 13 33 15.580 27.1050 103.3290 7.9 1.84
2014 08 05 13 35 03.100 27.0382 103.4150 12.8 1.22
2014 08 05 14 05 06.760 27.1280 103.3560 8.0 1.49
2014 08 05 14 13 58.860 27.0720 103.4000 12.0 1.40
2014 08 05 14 33 10.060 27.1160 103.3870 13.7 1.84
2014 08 05 14 51 32.440 27.1100 103.3230 8.3 1.31
2014 08 05 14 55 17.370 27.0650 103.3860 7.7 3.26
2014 08 05 15 06 04.060 27.1170 103.3540 6.8 1.58
2014 08 05 15 31 41.570 27.0420 103.4150 6.8 1.40
2014 08 05 15 51 05.710 27.1060 103.3080 5.0 1.40
2014 08 05 15 59 04.230 27.1033 103.3670 5.0 1.49
2014 08 05 16 06 18.970 27.0990 103.2780 6.8 2.19
2014 08 05 17 10 11.190 27.0580 103.4060 11.0 2.02
2014 08 05 17 30 10.430 27.0813 103.3930 5.0 1.49
2014 08 05 17 31 32.580 27.0720 103.3940 11.0 1.84
2014 08 05 17 51 22.450 27.0630 103.3430 9.0 2.37
2014 08 05 18 23 10.600 27.0852 103.3190 12.9 1.31
2014 08 05 18 40 33.910 27.0550 103.3960 12.0 3.08
2014 08 05 19 14 47.470 27.0990 103.2300 12.0 2.99
2014 08 05 19 22 06.050 27.1064 103.2530 5.3 1.84
2014 08 05 19 30 36.010 27.0750 103.3700 12.0 2.28
2014 08 05 20 24 15.760 27.1082 103.3510 10.0 1.13
2014 08 05 20 32 19.380 27.0439 103.4210 25.2 1.13
2014 08 05 21 08 20.140 27.0780 103.3970 12.0 1.40
2014 08 05 21 11 28.670 27.1008 103.2420 5.0 1.31
2014 08 05 21 52 31.460 27.1840 103.3400 12.0 1.49
2014 08 05 22 12 39.860 27.1192 103.3540 8.5 1.31
2014 08 05 22 22 01.610 27.1270 103.3560 12.0 1.93
2014 08 05 22 45 22.630 27.1260 103.2590 12.0 1.22
2014 08 05 22 50 47.890 27.0570 103.3850 10.0 1.40
2014 08 05 22 56 38.120 27.1260 103.3800 10.0 1.75
2014 08 05 22 57 20.390 27.1160 103.3100 12.0 1.58
2014 08 05 23 24 23.460 27.0850 103.3750 12.0 2.11
2014 08 05 23 33 16.830 27.1120 103.3510 12.0 1.58
2014 08 05 23 48 15.490 27.1180 103.3240 12.0 1.40
2014 08 06 00 03 46.100 27.1210 103.3060 5.1 1.49
2014 08 06 00 04 07.110 27.1420 103.3620 17.9 1.13
2014 08 06 00 15 11.920 27.1260 103.3050 15.3 0.96
2014 08 06 00 19 36.920 27.0860 103.3220 12.2 2.46
2014 08 06 00 25 39.360 27.0930 103.3250 5.1 1.84
2014 08 06 00 28 30.370 27.0520 103.4880 5.1 0.60
2014 08 06 00 36 20.880 27.0650 103.3910 4.6 1.04
2014 08 06 00 46 36.590 27.0842 103.4040 10.0 0.25
2014 08 06 00 53 25.170 27.1100 103.3740 18.8 0.60
2014 08 06 00 54 16.310 27.1170 103.3920 5.1 0.25
2014 08 06 01 13 34.550 27.0450 103.3960 5.1 1.58
2014 08 06 01 26 51.630 27.1000 103.3700 22.2 1.13
2014 08 06 01 35 28.800 27.0930 103.3840 16.9 0.51
2014 08 06 01 36 43.970 27.0950 103.3810 9.0 1.49
2014 08 06 01 50 51.440 27.1080 103.3180 14.0 1.40
2014 08 06 01 56 42.990 27.1170 103.3650 11.3 2.46
2014 08 06 02 03 07.790 27.1050 103.3450 5.4 1.31
2014 08 06 02 04 11.940 27.0788 103.3870 5.8 0.51
2014 08 06 02 09 13.010 27.0850 103.3750 9.6 0.87
2014 08 06 02 16 09.830 27.1200 103.3560 10.6 1.75
2014 08 06 02 27 22.500 27.1180 103.3290 5.1 1.22
2014 08 06 02 34 28.420 27.0719 103.3780 4.9 0.69
2014 08 06 02 35 33.840 27.0210 103.4120 5.1 2.02
2014 08 06 02 57 48.940 27.0060 103.3920 5.1 1.49
2014 08 06 02 59 26.450 27.0380 103.3980 5.1 1.04
2014 08 06 03 05 39.310 27.0780 103.4010 5.1 0.78
2014 08 06 03 07 42.030 27.0350 103.3930 5.1 1.04
2014 08 06 03 16 12.530 27.1164 103.3350 15.0 0.60
2014 08 06 03 24 13.710 27.1069 103.3460 9.5 0.96
2014 08 06 03 27 15.070 27.1169 103.3930 10.9 0.78
2014 08 06 03 27 47.380 27.0600 103.4040 5.1 1.84
2014 08 06 03 38 08.790 27.0770 103.3970 5.1 1.13
2014 08 06 03 40 14.570 27.1150 103.3020 7.6 1.13
2014 08 06 03 45 23.900 26.8620 103.4420 5.1 1.40
2014 08 06 03 45 28.190 27.1347 103.3730 17.0 1.31
2014 08 06 03 47 03.030 27.1060 103.3890 10.0 0.78
2014 08 06 03 57 02.100 27.1040 103.2540 5.0 1.75
2014 08 06 04 02 52.750 27.1160 103.3410 6.8 1.22
2014 08 06 04 14 49.190 27.0843 103.3700 21.9 0.60
2014 08 06 04 34 52.500 27.1260 103.3660 6.8 1.31
2014 08 06 04 36 24.800 27.0534 103.4140 15.5 1.04
2014 08 06 04 41 29.620 27.1227 103.3630 5.0 0.78
2014 08 06 04 52 15.030 27.1160 103.3790 6.8 0.60
2014 08 06 04 56 36.830 27.0840 103.3640 6.8 2.28
2014 08 06 05 00 09.190 27.0615 103.2170 4.9 1.22
2014 08 06 05 10 24.550 27.0710 103.3890 4.4 1.93
2014 08 06 05 12 27.580 27.0920 103.3770 6.8 1.66
2014 08 06 05 24 36.690 27.1170 103.3330 6.8 1.13
2014 08 06 05 35 34.820 27.1320 103.3270 6.8 0.87
2014 08 06 05 46 41.250 27.1330 103.3640 12.8 0.51
2014 08 06 06 10 21.300 27.1199 103.3680 5.8 1.04
2014 08 06 06 12 46.880 27.1144 103.3700 15.9 0.60
2014 08 06 06 33 51.950 27.1020 103.3320 14.8 3.61
2014 08 06 06 35 12.020 27.0960 103.3500 5.6 1.84
2014 08 06 06 36 13.640 27.1058 103.2490 12.0 2.11
2014 08 06 06 57 36.410 27.0880 103.3340 5.1 1.49
2014 08 06 07 00 23.530 27.0950 103.3460 10.1 2.02
2014 08 06 07 11 44.680 27.1068 103.3630 10.2 1.04
2014 08 06 07 17 26.950 27.1014 103.3740 5.9 1.31
2014 08 06 07 19 59.090 27.0130 103.4340 13.7 2.55
2014 08 06 07 58 13.630 27.0862 103.3880 7.8 1.13
2014 08 06 08 05 18.240 27.1060 103.2200 8.5 2.90
2014 08 06 08 11 59.260 27.0710 103.4110 10.0 1.40
2014 08 06 08 13 04.340 27.0257 103.4530 17.2 1.13
2014 08 06 08 13 46.450 27.1040 103.3740 5.1 0.96
2014 08 06 08 29 57.700 27.1110 103.3260 5.3 1.75
2014 08 06 08 58 49.480 27.1160 103.2740 8.2 2.64
2014 08 06 09 14 15.170 27.1077 103.3700 10.0 0.87
2014 08 06 10 06 32.110 27.0940 103.3790 8.8 2.02
2014 08 06 10 13 11.990 27.1006 103.3970 16.8 1.22
2014 08 06 10 21 01.940 27.1086 103.3530 6.4 1.04
2014 08 06 10 25 20.940 27.1122 103.3160 17.5 1.22
2014 08 06 10 55 42.220 27.1141 103.3560 15.2 1.31
2014 08 06 11 15 01.730 27.0087 103.3890 5.0 1.40
2014 08 06 11 43 44.980 27.1121 103.3410 8.0 1.40
2014 08 06 11 52 56.870 27.1255 103.3710 14.3 1.13
2014 08 06 12 22 39.610 27.0987 103.3780 5.3 1.31
2014 08 06 12 23 06.900 27.1056 103.3810 2.9 1.58
2014 08 06 12 30 19.150 27.1292 103.3390 16.9 1.31
2014 08 06 13 20 16.960 27.1185 103.3820 12.0 1.31
2014 08 06 13 51 03.670 27.1060 103.3660 15.8 2.64
2014 08 06 14 18 08.320 27.1110 103.3080 6.8 1.75
2014 08 06 14 56 22.970 27.0650 103.4080 6.8 1.75
2014 08 06 14 59 09.980 27.0140 103.4110 6.8 1.58
2014 08 06 15 13 55.440 27.1309 103.2670 4.9 1.49
2014 08 06 15 34 31.830 27.1160 103.3680 6.8 1.66
2014 08 06 17 20 25.400 27.1120 103.3540 11.7 2.11
2014 08 06 17 20 58.620 27.1137 103.3680 16.0 0.87
2014 08 06 17 41 41.580 27.0970 103.3830 14.8 2.11
2014 08 06 18 20 37.550 27.1040 103.3590 12.3 1.40
2014 08 06 18 28 11.590 27.1080 103.3780 12.1 2.02
2014 08 06 18 57 03.850 27.1150 103.3440 14.2 1.31
2014 08 06 19 17 42.490 27.0650 103.4050 9.9 1.75
2014 08 06 19 44 41.890 27.1579 103.3580 11.2 0.96
2014 08 06 19 45 34.570 27.1176 103.3950 6.2 1.49
2014 08 06 19 50 54.860 27.0770 103.3860 17.3 1.13
2014 08 06 20 03 45.720 27.1110 103.3530 7.2 1.31
2014 08 06 20 08 29.430 27.1950 103.2910 15.1 2.02
2014 08 06 20 18 29.330 27.1090 103.4190 16.2 1.75
2014 08 06 20 19 27.340 27.1120 103.4190 16.0 1.75
2014 08 06 20 37 08.050 27.1125 103.4300 5.0 0.96
2014 08 06 20 47 30.620 27.0688 103.2270 14.5 0.96
2014 08 06 20 52 58.500 27.0820 103.3750 14.0 1.49
2014 08 06 20 56 31.180 27.0414 103.4090 9.0 0.51
2014 08 06 21 10 03.900 27.1275 103.2470 5.3 0.87
2014 08 06 21 31 12.260 27.0310 103.4050 10.0 1.40
2014 08 06 21 35 24.750 27.1734 103.3780 5.4 0.87
2014 08 06 21 40 09.690 27.0560 103.3940 11.9 2.28
2014 08 06 21 41 24.040 27.1050 103.4220 12.7 0.60
2014 08 06 21 47 34.470 27.0840 103.3890 14.0 1.31
2014 08 06 21 50 03.020 27.1120 103.3550 15.9 3.08
2014 08 06 21 55 13.040 27.0740 103.2860 11.0 0.87
2014 08 06 21 58 05.110 27.1170 103.3600 11.7 0.78
2014 08 06 21 59 28.390 27.1081 103.4020 15.0 0.60
2014 08 06 21 59 57.250 27.2038 103.3900 12.4 0.96
2014 08 06 22 08 38.210 27.1070 103.3660 5.1 0.78
2014 08 06 22 09 28.030 27.1300 103.3710 8.6 2.28
2014 08 06 22 11 14.970 27.1270 103.3780 19.0 1.04
2014 08 06 22 12 56.210 27.1130 103.2980 12.1 1.13
2014 08 06 22 25 48.130 27.1080 103.3620 14.7 1.04
2014 08 06 22 35 30.270 27.0680 103.4210 9.9 0.34
2014 08 06 22 44 17.960 27.0983 103.3770 8.0 0.42
2014 08 06 22 47 30.350 27.1060 103.2910 8.2 1.40
2014 08 06 22 50 37.490 27.1240 103.3870 14.3 0.78
2014 08 06 23 01 57.900 27.0940 103.3750 12.1 1.58
2014 08 06 23 03 50.020 27.1030 103.3710 6.6 1.58
2014 08 06 23 05 25.120 27.1308 103.1870 4.8 0.87
2014 08 06 23 10 04.240 27.1650 103.3030 4.4 0.69
2014 08 06 23 13 23.900 26.8100 103.3660 9.9 0.51
2014 08 06 23 19 28.130 27.1110 103.3680 11.2 1.04
2014 08 06 23 24 06.950 27.1043 103.3670 4.1 1.49
2014 08 06 23 25 20.770 27.0915 103.3820 9.8 0.51
2014 08 06 23 26 21.730 26.9430 103.3430 12.8 0.51
2014 08 06 23 30 20.010 27.0170 103.4140 9.9 1.49
2014 08 06 23 42 14.240 26.9975 103.4410 10.7 1.04
2014 08 06 23 48 15.300 27.1010 103.3760 5.1 0.60
2014 08 06 23 58 48.700 27.1110 103.2940 6.3 0.60
2014 08 07 00 23 06.450 27.0011 103.4590 12.8 1.22
2014 08 07 00 37 02.380 27.1166 103.3470 8.6 1.04
2014 08 07 00 37 51.710 27.1070 103.3530 12.0 2.11
2014 08 07 00 39 34.860 27.1177 103.3330 9.4 0.25
2014 08 07 00 42 27.900 27.1110 103.3470 4.0 0.69
2014 08 07 00 45 46.260 27.0159 103.4190 9.7 1.13
2014 08 07 00 48 13.770 27.1310 103.2850 19.9 0.69
2014 08 07 00 49 00.740 27.1131 103.3470 8.2 0.78
2014 08 07 00 49 26.440 27.1151 103.3890 18.4 0.25
2014 08 07 01 01 40.330 27.1028 103.3150 10.2 0.78
2014 08 07 01 11 32.870 27.1234 103.3900 15.1 1.22
2014 08 07 01 25 57.440 27.1702 103.3840 5.5 0.51
2014 08 07 01 36 44.950 27.1120 103.4080 6.4 -0.017699115044247805
2014 08 07 01 39 00.030 27.0980 103.3880 11.1 0.96
2014 08 07 01 42 29.080 27.1020 103.3800 12.0 2.37
2014 08 07 01 44 55.310 27.0780 103.2860 8.8 0.60
2014 08 07 01 47 50.690 27.1204 103.3840 15.4 0.07
2014 08 07 02 03 18.880 27.1113 103.3990 9.8 1.31
2014 08 07 02 04 03.680 27.0421 103.4180 5.3 0.96
2014 08 07 02 08 00.560 27.1087 103.3630 10.0 1.04
2014 08 07 02 08 35.310 27.0720 103.3970 9.7 1.75
2014 08 07 02 21 51.210 27.0967 103.2910 5.0 0.60
2014 08 07 02 22 49.870 27.0239 103.4060 6.1 1.04
2014 08 07 02 24 42.760 27.0749 103.1480 6.6 0.60
2014 08 07 02 33 39.910 27.0746 103.3980 13.2 1.04
2014 08 07 02 34 31.640 27.0406 103.4070 10.2 0.78
2014 08 07 02 42 53.440 27.0825 103.4260 5.0 0.51
2014 08 07 02 44 54.910 27.1072 103.4230 14.5 1.31
2014 08 07 02 46 22.790 26.9988 103.3930 6.5 0.87
2014 08 07 02 56 24.420 27.0661 103.4010 14.7 0.25
2014 08 07 02 57 04.690 27.1040 103.2300 13.6 1.40
2014 08 07 03 06 04.130 27.1089 103.2740 13.0 0.42
2014 08 07 03 07 01.940 27.1071 103.2830 8.9 0.51
2014 08 07 03 09 24.500 27.1141 103.3140 11.7 0.34
2014 08 07 03 09 50.080 27.1080 103.3790 5.1 0.34
2014 08 07 03 12 45.170 27.1070 103.3590 9.0 0.25
2014 08 07 03 16 06.360 27.1095 103.3630 10.0 0.87
2014 08 07 03 22 01.910 27.1042 103.3180 9.5 0.34
2014 08 07 03 24 01.630 27.0530 103.3970 5.1 0.42
2014 08 07 03 25 05.460 27.0890 103.3690 13.9 0.07
2014 08 07 03 30 49.740 27.1150 103.3530 5.1 0.51
2014 08 07 03 37 08.000 26.9925 103.4240 14.2 0.60
2014 08 07 03 38 57.130 27.1171 103.3970 9.5 1.22
2014 08 07 03 40 00.010 27.0749 103.2910 11.9 0.78
2014 08 07 03 40 24.470 27.0520 103.3880 5.1 0.60
2014 08 07 03 44 32.930 27.0935 103.3890 10.0 0.60
2014 08 07 03 48 45.660 26.8048 103.3550 6.5 0.34
2014 08 07 04 00 55.480 27.1041 103.3500 6.8 0.25
2014 08 07 04 05 59.710 27.0467 103.4120 12.0 0.69
2014 08 07 04 08 22.280 27.1718 103.3390 6.4 1.04
2014 08 07 04 40 23.770 27.1202 103.3480 9.4 1.04
2014 08 07 04 53 23.150 27.1747 103.3750 9.3 0.60
2014 08 07 05 19 44.320 27.1043 103.3830 5.5 0.16
2014 08 07 05 20 26.570 27.1378 103.3520 15.3 0.87
2014 08 07 05 38 55.900 27.1150 103.4010 5.0 0.87
2014 08 07 05 51 28.900 27.1196 103.3710 6.9 0.69
2014 08 07 05 52 17.710 27.1170 103.3520 6.8 2.90
2014 08 07 05 53 44.310 27.1094 103.3420 9.9 1.40
2014 08 07 06 08 34.340 27.0837 103.1980 9.2 1.22
2014 08 07 06 10 50.590 27.1106 103.3540 10.9 1.31
2014 08 07 07 12 23.660 27.1094 103.2840 8.3 1.58
2014 08 07 07 14 53.380 27.1062 103.3480 10.0 2.19
2014 08 07 07 16 26.940 27.1200 103.3790 7.8 2.19
2014 08 07 07 25 01.630 27.1022 103.3730 13.2 1.22
2014 08 07 07 25 25.270 27.0416 103.4220 4.9 3.61
2014 08 07 08 07 58.300 27.1147 103.3810 10.7 1.22
2014 08 07 08 12 46.880 27.1038 103.3800 16.0 1.22
2014 08 07 08 32 32.420 27.1281 103.3900 11.6 0.78
2014 08 07 08 36 17.380 27.1220 103.3780 5.1 1.84
2014 08 07 09 24 41.390 27.1160 103.3810 10.0 1.49
2014 08 07 09 57 49.150 27.1216 103.3770 8.9 1.75
2014 08 07 10 27 16.890 27.1545 103.3620 4.3 0.78
2014 08 07 10 32 31.040 27.1128 103.3730 12.8 0.51
2014 08 07 10 48 49.790 27.1076 103.3400 15.3 0.78
2014 08 07 11 12 10.690 27.0820 103.3830 12.8 2.37
2014 08 07 11 18 21.020 27.0213 103.4190 8.9 1.22
2014 08 07 11 25 43.530 27.1071 103.3590 17.9 0.60
2014 08 07 11 41 05.160 27.1260 103.3630 12.0 1.22
2014 08 07 11 56 20.530 27.1082 103.2900 8.3 1.04
2014 08 07 12 19 50.170 27.0590 103.3900 8.3 2.46
2014 08 07 12 40 44.860 27.1110 103.3610 5.1 0.87
2014 08 07 12 44 19.990 27.1127 103.2860 12.4 0.96
2014 08 07 13 15 03.840 27.1010 103.2710 5.0 1.49
2014 08 07 13 39 49.750 27.0931 103.2830 8.6 1.04
2014 08 07 13 48 57.650 27.0935 103.3690 7.9 1.22
2014 08 07 13 52 52.210 26.9820 103.3980 8.2 2.02
2014 08 07 13 56 44.650 27.1262 103.3620 16.7 1.31
2014 08 07 14 10 41.190 27.0180 103.3980 9.9 0.87
2014 08 07 14 32 41.560 27.1017 103.3240 8.8 2.28
2014 08 07 14 42 16.040 27.0446 103.3970 14.9 1.22
2014 08 07 14 51 51.760 27.1099 103.3510 10.3 2.37
2014 08 07 15 08 53.590 27.0501 103.3850 16.5 0.87
2014 08 07 15 31 02.020 27.0653 103.3900 7.6 1.84
2014 08 07 15 39 54.160 27.1203 103.3430 8.2 1.22
2014 08 07 16 11 45.580 27.1025 103.2560 9.1 1.84
2014 08 07 16 13 46.650 27.0421 103.3860 15.6 0.87
2014 08 07 16 41 28.860 27.1070 103.2900 5.1 1.58
2014 08 07 16 52 04.220 27.1101 103.3490 15.9 1.22
2014 08 07 17 03 22.090 27.0140 103.4020 15.7 0.69
2014 08 07 17 15 49.270 27.0770 103.3880 11.2 0.87
2014 08 07 17 34 16.210 27.1081 103.3570 10.4 1.49
2014 08 07 17 49 28.470 27.1080 103.3440 11.1 2.64
2014 08 07 17 58 09.770 27.0986 103.3390 6.5 1.13
2014 08 07 18 25 10.790 27.0897 103.3980 10.0 1.22
2014 08 07 18 35 02.280 27.0628 103.3950 4.1 1.49
2014 08 07 19 10 52.450 27.1096 103.3860 22.8 1.22
2014 08 07 19 15 53.910 27.1026 103.3470 5.3 1.04
2014 08 07 19 52 58.180 27.1073 103.3670 9.0 1.04
2014 08 07 20 11 19.460 27.0880 103.3660 16.2 0.87
2014 08 07 20 34 01.630 27.1100 103.3820 11.8 2.11
2014 08 07 20 41 06.520 27.0973 103.3740 8.8 1.58
2014 08 07 20 42 39.460 27.1392 103.2950 4.7 1.13
2014 08 07 22 00 00.630 27.0400 103.4090 9.9 1.04
2014 08 07 22 03 43.550 27.0410 103.4090 9.9 0.87
2014 08 07 22 10 32.370 27.1051 103.3540 8.7 1.04
2014 08 07 22 24 52.210 27.1561 103.3780 11.9 1.22
2014 08 07 22 48 58.000 27.1870 103.3350 15.0 0.69
2014 08 07 22 59 47.070 27.0937 103.2860 5.8 0.60
2014 08 07 23 07 33.170 27.1260 103.3770 5.1 1.75
2014 08 07 23 12 01.550 27.0383 103.1590 9.8 0.96
2014 08 07 23 27 37.410 27.1095 103.3820 8.4 1.13
2014 08 07 23 36 12.330 27.0802 103.4150 18.8 0.69
2014 08 07 23 55 05.300 27.0967 103.4000 9.0 0.60
2014 08 08 00 08 33.400 27.0420 103.3710 6.8 0.96
2014 08 08 00 36 05.770 27.0430 103.3970 9.1 2.19
2014 08 08 00 56 26.170 27.0470 103.4120 6.8 0.69
2014 08 08 01 27 15.150 27.1140 103.3370 5.0 1.13
2014 08 08 01 40 48.940 27.1140 103.2560 6.8 2.46
2014 08 08 01 52 13.580 27.1310 103.2590 6.8 1.93
2014 08 08 02 06 43.680 27.3032 103.7720 20.7 1.04
2014 08 08 02 16 10.990 27.0617 103.4010 21.1 0.51
2014 08 08 02 20 34.430 27.1090 103.3480 6.8 1.49
2014 08 08 02 31 05.890 27.0902 103.2780 9.2 1.04
2014 08 08 02 36 51.630 27.1183 103.3810 9.7 0.78
2014 08 08 02 38 55.610 27.0190 103.3970 6.8 1.04
2014 08 08 02 51 54.030 27.1147 103.3840 4.1 0.51
2014 08 08 02 55 49.240 27.1066 103.3650 5.0 1.13
2014 08 08 02 58 46.890 27.0255 103.4150 6.2 0.16
2014 08 08 03 04 24.260 27.1090 103.3640 5.9 1.13
2014 08 08 03 11 42.620 27.1800 103.3450 6.8 0.87
2014 08 08 03 20 11.380 27.1086 103.3540 6.5 0.96
2014 08 08 03 21 47.690 27.1094 103.3470 6.2 1.40
2014 08 08 03 30 09.810 27.1678 103.3640 5.4 0.96
2014 08 08 03 35 54.760 27.1760 103.2980 8.1 0.96
2014 08 08 03 49 28.690 27.1251 103.3220 11.9 0.69
2014 08 08 04 10 40.890 27.1061 103.3300 4.9 2.81
2014 08 08 04 13 59.240 27.0600 103.4010 12.0 0.07
2014 08 08 04 43 19.260 27.0986 103.3640 7.0 0.25
2014 08 08 05 00 37.730 27.0966 103.3950 5.6 0.96
2014 08 08 05 08 02.430 27.0000 103.0720 5.0 1.04
2014 08 08 05 14 43.210 27.1111 103.3710 8.5 0.60
2014 08 08 05 17 59.420 27.1047 103.3710 7.7 0.87
2014 08 08 05 20 24.590 27.0171 103.4150 11.7 0.69
2014 08 08 05 23 12.600 27.1133 103.3770 16.8 0.42
2014 08 08 05 29 32.180 27.0284 103.4190 16.3 0.87
2014 08 08 05 29 47.150 27.1150 103.3550 9.9 0.69
2014 08 08 05 32 04.780 27.0930 103.3640 9.0 2.55
2014 08 08 05 35 58.980 27.1130 103.3720 9.0 0.16
2014 08 08 05 40 12.520 27.0981 103.3660 6.6 1.13
2014 08 08 05 48 55.190 27.1190 103.3970 9.0 0.07
2014 08 08 05 51 41.370 27.0980 103.2910 5.0 0.42
2014 08 08 05 57 14.940 27.1001 103.3260 6.0 1.04
2014 08 08 06 04 31.990 27.0380 103.4030 5.1 2.19
2014 08 08 06 20 36.510 27.1118 103.2620 9.5 0.96
2014 08 08 06 25 37.880 27.0245 103.4120 5.0 0.87
2014 08 08 06 47 59.000 27.1100 103.3560 5.7 2.19
2014 08 08 06 58 10.230 27.1040 103.3720 5.7 1.66
2014 08 08 07 01 52.580 27.1263 103.3700 6.4 1.40
2014 08 08 07 12 18.060 27.1059 103.3610 4.9 2.19
2014 08 08 07 17 01.600 27.1090 103.3590 5.7 0.87
2014 08 08 07 21 43.750 27.0980 103.3740 5.7 0.78
2014 08 08 07 27 08.390 27.1110 103.3620 5.7 1.13
2014 08 08 07 42 45.740 27.1150 103.3550 5.7 1.22
2014 08 08 07 54 37.270 27.1250 103.3630 5.7 2.46
2014 08 08 08 22 29.900 27.1070 103.3690 5.7 1.22
2014 08 08 09 07 18.190 27.1050 103.3570 11.4 1.93
2014 08 08 09 14 50.370 27.1002 103.3800 5.0 1.84
2014 08 08 09 17 53.270 27.0962 103.3800 10.9 1.40
2014 08 08 09 34 11.380 27.1270 103.3130 5.1 1.04
2014 08 08 09 43 18.030 27.0310 103.4010 5.1 1.84
2014 08 08 09 55 51.250 27.1567 103.3470 4.8 0.96
2014 08 08 10 00 03.850 27.1031 103.3440 5.5 1.93
2014 08 08 10 14 25.230 27.1100 103.3590 9.7 2.81
2014 08 08 10 37 07.850 27.1122 103.3720 14.4 1.22
2014 08 08 10 55 06.290 27.1100 103.3630 9.4 1.66
2014 08 08 11 30 22.770 27.0932 103.2620 11.2 1.04
2014 08 08 11 53 31.730 27.1264 103.3900 11.4 1.40
2014 08 08 12 00 15.830 27.1687 103.3870 5.0 1.13
2014 08 08 12 10 02.520 27.0370 103.3920 8.0 1.66
2014 08 08 12 44 02.520 27.0421 103.4120 4.1 1.13
2014 08 08 13 15 54.810 27.1745 103.2470 0.0 1.66
2014 08 08 13 21 15.660 27.1210 103.3610 7.1 1.66
2014 08 08 13 36 46.830 27.1099 103.3550 11.7 1.31
2014 08 08 13 38 20.380 27.0898 103.3920 16.0 0.96
2014 08 08 13 53 15.680 27.1151 103.3700 15.5 1.13
2014 08 08 14 27 59.310 27.1190 103.3480 11.9 2.81
2014 08 08 14 33 37.170 27.1080 103.3600 9.5 2.02
2014 08 08 14 38 09.720 27.0740 103.3660 5.1 1.75
2014 08 08 14 39 28.890 27.1170 103.3460 6.8 3.79
2014 08 08 14 51 03.640 27.1040 103.3610 11.8 2.02
2014 08 08 14 59 52.980 27.1200 103.3380 12.6 1.66
2014 08 08 15 00 59.000 27.1607 103.4000 5.0 1.49
2014 08 08 15 15 31.060 27.1020 103.3620 6.8 1.58
2014 08 08 15 42 12.050 27.1190 103.3500 6.8 1.66
2014 08 08 15 47 55.290 27.1100 103.3560 6.8 2.28
2014 08 08 16 04 40.860 27.1040 103.3700 6.8 0.69
2014 08 08 16 12 20.040 27.1000 103.3140 11.6 2.81
2014 08 08 16 37 13.980 27.1174 103.3760 10.0 1.04
2014 08 08 16 53 59.620 27.0990 103.3470 16.9 3.35
2014 08 08 17 08 13.070 27.0872 103.3850 10.0 1.31
2014 08 08 17 10 09.630 27.0899 103.2940 8.9 1.31
2014 08 08 17 10 54.060 27.1351 103.3680 5.4 1.40
2014 08 08 17 22 39.850 27.1054 103.3770 13.5 1.04
2014 08 08 17 44 37.850 27.0980 103.3490 15.6 3.43
2014 08 08 17 48 10.110 27.1010 103.3560 4.4 0.96
2014 08 08 17 50 48.980 27.0968 103.3580 8.9 1.75
2014 08 08 18 06 19.060 27.1442 103.3570 7.0 1.13
2014 08 08 18 12 39.810 27.1010 103.3670 4.4 2.37
2014 08 08 18 15 33.670 27.1040 103.3650 4.4 2.37
2014 08 08 18 30 37.660 27.1015 103.3650 14.3 1.49
2014 08 08 18 49 48.020 27.0580 103.4020 15.2 1.13
2014 08 08 18 50 29.480 27.0115 103.4320 10.1 1.13
2014 08 08 18 52 43.420 27.0850 103.3930 4.4 2.37
2014 08 08 19 19 45.290 27.1089 103.3530 13.4 1.75
2014 08 08 19 32 40.230 27.1185 103.3590 5.1 1.04
2014 08 08 19 36 28.550 27.0620 103.4010 5.1 2.37
2014 08 08 19 37 59.510 27.0948 103.3930 7.5 1.22
2014 08 08 19 56 44.720 27.1210 103.3670 10.7 3.17
2014 08 08 20 12 28.940 27.1120 103.3580 4.4 1.58
2014 08 08 20 54 51.770 27.1196 103.3440 8.6 0.87
2014 08 08 20 56 08.050 27.1015 103.3430 10.7 1.66
2014 08 08 21 01 00.160 27.3239 103.1620 0.0 1.31
2014 08 08 21 05 51.780 27.1064 103.3950 9.9 0.78
2014 08 08 21 12 39.300 27.1080 103.3570 9.3 2.02
2014 08 08 21 24 35.010 27.1122 103.3240 10.7 1.04
2014 08 08 21 33 50.710 27.1345 103.3870 13.3 1.04
2014 08 08 21 37 14.850 27.1235 103.3940 12.5 1.22
2014 08 08 21 46 39.550 27.1267 103.4040 4.8 1.04
2014 08 08 21 48 45.550 27.0930 103.3970 4.4 0.78
2014 08 08 22 26 30.130 27.1822 103.1650 10.0 1.13
2014 08 08 22 32 07.840 27.1126 103.3610 5.3 1.49
2014 08 08 22 38 59.950 27.1203 103.3790 9.9 0.96
2014 08 08 23 02 56.520 27.1172 103.3170 6.1 1.40
2014 08 08 23 33 03.570 27.1080 103.3430 16.8 3.26
2014 08 08 23 36 32.350 27.1108 103.3630 15.9 0.34
2014 08 08 23 36 45.150 27.0400 103.4080 4.4 1.40
2014 08 08 23 38 25.820 27.1130 103.3480 5.3 1.58
2014 08 08 23 38 58.010 27.0958 103.3660 4.0 0.96
2014 08 08 23 59 39.020 27.1079 103.3610 15.8 1.31
2014 08 09 00 00 49.580 27.0320 103.3980 10.9 1.93
2014 08 09 00 06 57.420 27.0190 103.4060 5.0 1.13
2014 08 09 00 12 26.820 27.1220 103.3500 14.1 2.64
2014 08 09 00 17 48.660 27.1190 103.3390 12.8 1.22
2014 08 09 00 18 51.380 27.1310 103.3750 5.0 1.04
2014 08 09 00 52 05.140 27.0260 103.4000 11.6 2.19
2014 08 09 00 52 11.750 26.9220 103.3810 11.0 1.93
2014 08 09 00 56 51.960 27.0835 103.3820 5.4 0.07
2014 08 09 00 59 55.630 27.1170 103.3710 11.8 0.16
2014 08 09 01 03 02.250 27.1290 103.4070 4.4 1.04
2014 08 09 01 09 27.340 27.0630 103.4100 11.1 2.37
2014 08 09 01 10 55.470 27.1050 103.3390 9.3 0.78
2014 08 09 01 12 50.360 27.0580 103.4070 13.3 0.96
2014 08 09 01 21 23.110 27.1495 103.4230 5.0 0.60
2014 08 09 01 23 48.060 27.1140 103.3550 6.0 1.93
2014 08 09 01 30 20.190 27.0300 103.4080 11.0 1.93
2014 08 09 01 31 03.500 27.1090 103.2800 11.0 0.16
2014 08 09 01 41 31.940 27.1130 103.3530 16.4 0.51
2014 08 09 01 44 17.770 27.1070 103.3710 13.9 0.42
2014 08 09 01 54 08.310 27.0230 103.4060 5.6 0.87
2014 08 09 01 56 19.420 27.0980 103.3540 9.7 0.96
2014 08 09 01 57 48.290 27.0965 103.3600 4.1 0.07
2014 08 09 02 08 02.580 27.0327 103.4040 6.8 1.04
2014 08 09 02 16 53.730 27.0416 103.4180 13.0 1.58
2014 08 09 02 30 25.290 27.1067 103.3110 17.3 0.25
2014 08 09 02 38 48.380 27.0440 103.4040 14.1 0.25
2014 08 09 02 49 13.810 27.1070 103.3920 7.7 0.42
2014 08 09 02 53 07.090 27.1173 103.3790 8.2 0.69
2014 08 09 02 56 45.170 27.0751 103.3930 17.3 0.60
2014 08 09 03 03 17.740 27.0420 103.4080 11.0 0.42
2014 08 09 03 07 09.180 27.1340 103.3350 14.8 1.22
2014 08 09 03 14 46.100 27.2804 103.2780 7.6 0.78
2014 08 09 03 23 34.080 27.1100 103.3600 10.2 1.13
2014 08 09 03 31 38.840 27.0770 103.3940 10.2 1.66
2014 08 09 03 39 06.270 27.0690 103.3980 14.2 0.87
2014 08 09 03 52 37.810 27.0300 103.4130 11.0 0.42
2014 08 09 03 55 55.370 27.1140 103.3230 13.8 3.17
2014 08 09 04 01 14.590 27.1050 103.3630 1.7 0.42
2014 08 09 04 07 42.270 27.0379 103.4090 9.1 0.34
2014 08 09 04 13 53.490 27.0990 103.3110 11.0 0.25
2014 08 09 04 18 23.890 27.1783 103.3910 5.7 0.51
2014 08 09 04 25 31.590 27.0650 103.3900 11.0 1.40
2014 08 09 04 26 45.330 27.1040 103.3550 10.3 1.49
2014 08 09 04 31 58.650 27.1027 103.2940 9.9 1.04
2014 08 09 04 44 30.390 27.0560 103.4080 9.9 1.66
2014 08 09 04 46 33.130 27.1090 103.3520 12.2 1.75
2014 08 09 04 51 14.090 27.1212 103.2920 16.8 0.87
2014 08 09 05 06 41.120 27.1210 103.3420 10.4 1.13
2014 08 09 05 14 28.590 27.1155 103.3240 10.1 0.87
2014 08 09 05 20 06.810 27.0384 103.4130 10.0 0.69
2014 08 09 05 29 21.940 27.1065 103.3470 13.9 0.78
2014 08 09 05 30 09.350 27.1194 103.3370 11.0 1.49
2014 08 09 05 34 55.730 27.1216 103.3690 5.2 1.04
2014 08 09 05 46 43.740 27.0674 103.4000 4.4 0.25
2014 08 09 05 53 48.230 27.1177 103.4000 10.8 0.51
2014 08 09 05 59 02.360 27.1160 103.3380 10.3 1.58
2014 08 09 06 01 29.170 27.1070 103.3590 5.1 0.69
2014 08 09 06 07 49.780 27.0371 103.4170 11.4 0.78
2014 08 09 06 11 08.230 27.0507 103.3980 12.5 0.87
2014 08 09 06 18 38.070 27.0281 103.4130 10.0 0.51
2014 08 09 06 25 12.060 27.0788 103.3070 8.0 0.34
2014 08 09 06 26 10.180 27.1120 103.3430 1.5 1.49
2014 08 09 06 28 24.100 27.1021 103.3500 5.9 2.11
2014 08 09 06 37 37.930 27.1120 103.3620 9.6 2.55
2014 08 09 07 04 11.830 27.0957 103.3670 6.9 0.78
2014 08 09 07 57 02.840 27.1018 103.3290 13.7 1.31
2014 08 09 08 22 16.140 27.1070 103.3580 11.5 2.99
2014 08 09 08 40 45.490 27.1200 103.3840 4.4 1.04
2014 08 09 09 23 33.020 27.1110 103.3690 5.7 2.02
2014 08 09 09 36 57.280 27.1083 103.4190 4.4 1.49
2014 08 09 09 39 13.290 27.0078 103.4230 10.4 0.96
2014 08 09 10 13 18.670 27.0750 103.3940 5.1 1.93
2014 08 09 10 32 43.740 27.0203 103.4310 11.1 1.04
2014 08 09 10 33 36.690 27.0688 103.4020 5.4 1.22
2014 08 09 10 34 34.160 27.1306 103.3930 15.0 0.96
2014 08 09 10 58 17.990 27.1007 103.3210 7.1 1.04
2014 08 09 11 28 04.140 27.0350 103.4090 5.0 1.13
2014 08 09 11 32 26.240 27.1150 103.2960 6.1 1.13
2014 08 09 11 57 11.760 27.0054 103.3980 16.1 1.49
2014 08 09 13 14 06.770 27.1800 103.3240 9.6 1.04
2014 08 09 13 18 04.940 27.0215 103.4180 5.1 1.13
2014 08 09 13 26 43.000 27.1140 103.3590 13.7 2.99
2014 08 09 13 43 15.980 27.1240 103.3870 8.7 1.58
2014 08 09 14 36 57.070 27.0240 103.4040 12.3 2.55
2014 08 09 14 42 32.920 27.0290 103.3890 8.8 2.02
2014 08 09 14 46 17.600 27.1250 103.3460 11.3 1.49
2014 08 09 14 54 23.270 27.0430 103.4140 6.5 1.22
2014 08 09 16 07 59.760 27.0990 103.3110 8.5 2.02
2014 08 09 16 09 46.210 27.0670 103.3990 11.8 2.02
2014 08 09 16 30 32.950 27.0769 103.3830 22.4 1.66
2014 08 09 16 30 48.700 27.0200 103.4050 11.3 2.55
2014 08 09 16 40 42.040 27.0270 103.4020 7.9 1.93
2014 08 09 16 58 40.090 27.1140 103.3530 15.0 1.31
2014 08 09 17 07 34.500 27.3800 103.7630 18.4 1.13
2014 08 09 17 45 12.130 27.1080 103.3700 10.6 1.84
2014 08 09 18 02 06.570 27.1020 103.3990 6.5 1.49
2014 08 09 18 25 05.960 27.1280 103.3590 10.6 2.02
2014 08 09 18 27 31.050 26.8520 103.4880 18.8 1.84
2014 08 09 18 43 30.400 26.8520 103.4630 6.5 1.22
2014 08 09 18 54 23.540 27.0630 103.3810 21.0 1.04
2014 08 09 19 05 53.010 27.0570 103.4060 14.3 1.04
2014 08 09 19 06 08.010 27.0940 103.3660 15.9 1.31
2014 08 09 19 11 32.410 27.1712 103.5940 0.0 0.96
2014 08 09 19 20 35.660 27.1070 103.3540 10.6 1.58
2014 08 09 19 33 52.920 27.1180 103.3430 13.3 1.84
2014 08 09 20 05 09.020 27.0430 103.3790 8.0 1.40
2014 08 09 20 12 41.340 27.1010 103.3850 6.4 1.31
2014 08 09 20 19 33.230 27.1087 103.3590 17.0 1.22
2014 08 09 20 36 53.170 27.0550 103.4110 8.8 1.84
2014 08 09 20 48 27.990 27.1090 103.2930 11.4 1.66
2014 08 09 20 49 44.570 27.1370 103.3330 8.7 2.46
2014 08 09 20 59 14.320 27.0400 103.3970 6.5 2.11
2014 08 09 21 02 27.160 27.0290 103.4140 11.5 1.31
2014 08 09 21 02 51.760 27.0720 103.4110 11.6 1.75
2014 08 09 21 04 27.630 27.0580 103.4130 9.8 2.81
2014 08 09 21 25 16.860 27.0920 103.3880 11.2 1.40
2014 08 09 21 28 39.310 27.1130 103.3250 6.5 1.84
2014 08 09 21 52 48.280 27.1130 103.3470 16.1 1.66
2014 08 09 21 55 48.190 27.2050 103.3330 6.8 1.31
2014 08 09 21 57 32.020 27.1095 103.3360 11.4 1.13
2014 08 09 22 07 29.840 27.0920 103.5630 9.2 2.11
2014 08 09 22 09 35.100 27.1640 103.3010 5.8 1.04
2014 08 09 22 11 10.250 27.0700 103.3920 9.5 1.04
2014 08 09 22 14 23.900 27.1240 103.3820 12.5 1.66
2014 08 09 22 18 37.090 27.1610 103.2940 5.4 2.19
2014 08 09 22 22 59.400 27.1240 103.3520 20.1 1.22
2014 08 09 22 26 36.060 27.0610 103.4050 11.3 1.84
2014 08 09 22 35 14.860 27.1290 103.3400 20.2 1.04
2014 08 09 22 39 52.050 27.1390 103.3840 7.3 1.04
2014 08 09 22 48 30.580 27.0880 103.1940 7.4 1.58
2014 08 09 22 56 17.290 27.0970 103.2910 5.6 1.22
2014 08 09 23 07 19.910 27.1210 103.3810 15.6 1.04
2014 08 09 23 12 50.850 27.0780 103.3940 14.4 1.40
2014 08 09 23 13 26.630 27.1170 103.1690 16.5 1.58
2014 08 09 23 21 53.110 27.1130 103.2420 6.7 0.87
2014 08 09 23 28 05.560 27.0750 103.3940 13.6 1.49
2014 08 09 23 37 18.220 26.9770 103.3860 6.5 0.60
2014 08 09 23 43 48.140 27.1090 103.3100 6.5 1.66
2014 08 09 23 55 00.640 27.1770 103.2880 12.0 1.40
2014 08 09 23 56 53.800 27.1150 103.3790 15.5 1.84
2014 08 10 00 03 14.170 27.0900 103.3770 11.3 0.78
2014 08 10 00 21 16.530 27.0300 103.3980 12.3 1.13
2014 08 10 00 23 42.520 27.0330 103.4010 10.7 1.49
2014 08 10 00 26 54.320 27.1320 103.3690 15.2 1.31
2014 08 10 00 35 50.360 27.0690 103.4230 5.9 1.22
2014 08 10 00 38 14.970 27.0840 103.2290 14.6 2.90
2014 08 10 00 41 40.850 27.1360 103.4310 8.3 2.19
2014 08 10 00 43 29.430 27.0920 103.2530 4.1 1.58
2014 08 10 00 45 44.570 27.0247 103.4460 2.6 1.13
2014 08 10 00 46 43.710 27.1100 103.3490 7.5 1.04
2014 08 10 00 47 03.820 27.0914 103.4160 9.7 1.04
2014 08 10 00 49 34.320 27.0830 103.3900 11.6 2.90
2014 08 10 00 51 03.110 27.0620 103.4030 10.3 1.93
2014 08 10 01 00 07.820 27.1130 103.3600 4.2 1.22
2014 08 10 01 08 17.340 27.0633 103.4050 8.8 1.84
2014 08 10 01 10 34.660 27.1200 103.3770 13.6 1.75
2014 08 10 01 14 50.970 27.0850 103.3850 14.0 1.31
2014 08 10 01 24 38.000 27.0440 103.4000 12.5 1.66
2014 08 10 01 36 24.240 27.1430 103.3510 13.6 1.22
2014 08 10 01 41 46.190 27.1070 103.3910 12.4 1.13
2014 08 10 01 52 20.890 27.1020 103.2070 11.1 1.93
2014 08 10 01 59 21.640 27.0470 103.3280 6.5 0.69
2014 08 10 02 00 18.130 27.1090 103.3870 6.5 0.78
2014 08 10 02 14 31.430 27.1010 103.4010 11.1 0.60
2014 08 10 02 17 18.370 27.0810 103.4140 21.0 0.87
2014 08 10 02 20 13.040 27.0740 103.3910 13.0 0.96
2014 08 10 02 23 30.890 27.1050 103.3710 5.0 1.84
2014 08 10 02 40 32.320 27.0591 103.3970 11.0 1.04
2014 08 10 02 46 37.080 27.1000 103.3830 6.5 0.78
2014 08 10 02 49 29.780 27.1240 103.3860 14.0 1.22
2014 08 10 02 51 09.080 27.1240 103.3820 12.3 1.93
2014 08 10 02 52 34.490 27.1360 103.4180 8.9 1.40
2014 08 10 02 53 22.230 27.0320 103.3810 8.9 0.96
2014 08 10 02 54 41.290 27.1040 103.3190 10.8 1.22
2014 08 10 02 57 31.200 27.1240 103.3350 6.5 1.22
2014 08 10 03 06 05.890 27.1030 103.2990 6.5 0.87
2014 08 10 03 10 26.890 27.1130 103.2950 5.8 1.13
2014 08 10 03 14 56.850 27.0890 103.2130 10.6 1.66
2014 08 10 03 16 54.460 27.1040 103.3790 9.1 1.04
2014 08 10 03 39 29.990 27.0430 103.4190 13.3 0.69
2014 08 10 03 44 10.650 27.0740 103.3950 14.1 1.49
2014 08 10 03 48 17.380 27.1230 103.3750 7.3 1.84
2014 08 10 03 50 49.510 27.1270 103.3120 14.0 0.96
2014 08 10 04 01 08.760 27.0449 103.4230 10.3 1.40
2014 08 10 04 07 25.820 27.0956 103.3730 5.0 1.04
2014 08 10 04 16 44.100 27.2310 103.3470 12.0 1.40
2014 08 10 04 17 16.100 27.1115 103.3110 10.4 1.75
2014 08 10 04 28 07.160 27.1011 103.3650 7.7 0.87
2014 08 10 04 29 23.620 27.1285 103.3030 7.2 1.04
2014 08 10 04 31 29.970 27.1022 103.2480 9.0 0.96
2014 08 10 04 49 57.250 27.1116 103.3760 8.4 1.13
2014 08 10 04 55 13.610 27.1214 103.3860 13.6 1.13
2014 08 10 05 00 36.840 27.1070 103.3310 8.6 1.31
2014 08 10 05 05 20.850 27.0587 103.4100 11.7 1.13
2014 08 10 05 09 24.530 27.1140 103.3790 6.7 1.31
2014 08 10 05 14 13.940 27.1306 103.3760 11.7 0.87
2014 08 10 05 17 24.820 27.1173 103.4070 7.0 0.87
2014 08 10 05 20 05.910 27.1070 103.3680 8.6 1.04
2014 08 10 05 20 24.500 27.1809 103.3500 5.0 1.40
2014 08 10 05 26 04.540 27.1040 103.3020 7.8 1.93
2014 08 10 05 27 30.620 27.0615 103.4030 8.9 1.58
2014 08 10 05 39 52.360 27.1150 103.3950 11.2 1.04
2014 08 10 05 43 23.700 27.0470 103.4010 10.4 0.78
2014 08 10 05 44 14.540 27.1152 103.2750 10.4 1.04
2014 08 10 05 45 30.110 27.1142 103.3630 14.2 1.66
2014 08 10 05 48 08.320 27.1064 103.2920 9.5 1.31
2014 08 10 05 49 06.430 27.0990 103.3560 12.0 0.78
2014 08 10 06 06 18.020 27.1130 103.3000 10.2 1.40
2014 08 10 06 10 11.640 27.0720 103.4050 10.4 1.31
2014 08 10 06 13 38.720 27.1326 103.3720 14.9 0.96
2014 08 10 06 18 04.500 27.0950 103.3720 12.0 2.02
2014 08 10 06 22 43.960 27.1224 103.3660 14.4 1.22
2014 08 10 06 30 02.780 27.1067 103.3670 9.4 1.49
2014 08 10 07 27 27.700 27.1128 103.3650 7.3 1.40
2014 08 10 07 37 42.970 27.1184 103.3370 8.8 1.40
2014 08 10 07 50 38.960 27.1059 103.2860 7.6 1.75
2014 08 10 08 03 03.320 27.1117 103.3460 16.8 1.93
2014 08 10 08 14 22.460 27.1016 103.3460 5.7 1.93
2014 08 10 08 29 29.230 27.0730 103.4150 12.0 1.40
2014 08 10 08 29 44.390 27.1040 103.3830 7.0 1.75
2014 08 10 08 31 15.200 27.1157 103.3690 18.7 1.75
2014 08 10 09 07 14.230 27.1105 103.3650 13.6 1.66
2014 08 10 09 46 47.990 27.1325 103.4080 11.7 1.40
2014 08 10 10 17 44.120 27.1359 103.3380 14.6 1.13
2014 08 10 10 23 41.370 27.0933 103.4000 12.7 1.84
2014 08 10 10 55 14.230 27.1218 103.3690 14.1 1.58
2014 08 10 10 55 56.180 27.0570 103.2990 12.0 1.31
2014 08 10 11 04 39.540 27.5222 103.5400 5.0 1.49
2014 08 10 11 15 58.480 27.0990 103.3740 14.6 2.02
2014 08 10 11 30 59.880 27.0970 103.3690 14.1 2.37
2014 08 10 11 36 43.150 27.1142 103.3570 13.1 1.40
2014 08 10 11 44 40.360 27.1108 103.3300 8.0 1.75
2014 08 10 11 45 42.070 27.0846 103.3020 5.0 2.11
2014 08 10 11 52 41.690 27.1934 103.3250 16.3 1.75
2014 08 10 12 02 04.520 27.0717 103.3730 10.0 1.84
2014 08 10 12 16 25.280 27.0353 103.4450 14.7 1.75
2014 08 10 12 24 10.650 27.1332 103.3700 15.2 1.40
2014 08 10 12 39 12.120 27.0460 103.3880 10.0 3.96
2014 08 10 12 48 15.640 27.0690 103.3450 10.0 1.22
2014 08 10 12 49 58.010 27.1137 103.3450 14.2 2.11
2014 08 10 12 57 17.040 27.1795 103.3140 12.2 1.58
2014 08 10 13 22 24.850 27.0922 103.3350 6.4 2.19
2014 08 10 13 26 47.950 27.1180 103.3970 16.4 1.40
2014 08 10 13 38 41.070 27.1092 103.3090 7.9 1.40
2014 08 10 14 11 14.620 27.0900 103.3890 10.0 1.22
2014 08 10 15 30 32.160 27.2080 103.3100 10.0 2.11
2014 08 10 15 39 49.460 27.0583 103.4020 6.2 2.28
2014 08 10 15 44 25.570 27.1213 103.3350 14.0 1.49
2014 08 10 16 04 27.680 27.1727 103.3070 7.3 1.84
2014 08 10 16 20 19.890 27.0909 103.3800 7.8 1.49
