2014 08 03 02 12 02.821 27.8945 101.4381 1.6 2.25
2014 08 03 02 25 02.021 24.9699 97.8459 7.6 1.02
2014 08 03 02 49 23.973 25.0308 97.8466 7.9 1.21
2014 08 03 03 01 33.543 25.0520 97.8656 5.6 1.05
2014 08 03 03 15 36.559 25.0393 97.8693 8.2 0.75
2014 08 03 03 16 28.534 24.9838 97.8704 5.9 1.01
2014 08 03 03 38 30.509 24.9596 97.8310 4.2 1.25
2014 08 03 04 05 41.957 25.8549 100.5165 6.9 1.35
2014 08 03 04 07 11.820 24.9716 97.7810 7.6 1.01
2014 08 03 04 22 38.666 24.9964 97.8515 10.4 1.87
2014 08 03 04 23 05.213 28.4928 104.5916 23.9 0.4
2014 08 03 04 30 31.328 25.3351 100.3131 9.5 0.59
2014 08 03 04 31 26.364 25.9431 102.1634 0.0 1.59
2014 08 03 04 50 27.709 25.0281 97.9488 8.6 0.74
2014 08 03 04 58 17.047 22.4441 99.7253 21.7 0.72
2014 08 03 05 17 44.131 25.0314 97.8895 8.3 1.12
2014 08 03 05 37 00.637 26.9548 100.8358 29.2 0.95
2014 08 03 07 33 58.486 24.7698 98.8699 0.0 2.69
2014 08 03 07 35 23.306 25.1132 102.7953 0.1 -9999.0
2014 08 03 07 45 48.234 25.1568 97.8200 8.8 1.07
2014 08 03 07 48 02.652 24.9627 97.7793 6.8 1.91
2014 08 03 07 48 11.927 24.9729 97.7846 7.6 1.6
2014 08 03 08 44 16.205 23.1598 99.5211 27.0 1.47
2014 08 03 08 51 50.973 24.9677 97.8614 10.4 3.12
2014 08 03 08 52 39.967 24.9706 97.8728 4.5 3.03
2014 08 03 08 54 29.113 24.9354 97.8979 5.4 1.64
2014 08 03 10 49 00.766 24.7676 98.8466 12.7 1.66
2014 08 03 11 57 13.568 24.9859 97.8549 4.0 1.94
2014 08 03 12 02 05.669 28.5047 104.5250 24.9 1.59
2014 08 03 12 10 30.477 24.9716 97.8280 8.1 3.53
2014 08 03 12 11 49.008 24.9697 97.8282 7.6 2.46
2014 08 03 12 13 37.054 24.9696 97.8398 7.2 1.5
2014 08 03 12 14 04.621 24.9627 97.8327 5.5 1.46
2014 08 03 12 21 50.500 24.9686 97.8313 6.4 2.05
2014 08 03 13 29 35.572 23.7209 102.7450 22.0 1.42
2014 08 03 13 29 45.496 24.9673 97.8179 9.1 2.7
2014 08 03 13 31 20.328 24.9754 97.8438 9.0 1.03
2014 08 03 13 34 21.130 24.9585 97.7809 8.5 2.83
2014 08 03 13 39 28.992 24.9581 97.7833 8.3 1.7
2014 08 03 13 53 14.392 25.0185 97.8927 6.7 1.56
2014 08 03 13 54 24.731 27.5171 100.9189 5.2 0.59
2014 08 03 13 55 00.920 24.9663 97.8338 6.4 1.69
2014 08 03 14 51 22.009 25.0431 97.8914 6.4 1.46
2014 08 03 15 10 53.898 24.9642 97.8731 7.2 1.69
2014 08 03 15 36 04.701 24.6207 103.0271 18.8 1.9
2014 08 03 16 26 06.897 24.9970 97.8342 5.1 1.33
2014 08 03 16 27 33.795 26.1353 104.1511 0.1 1.52
2014 08 03 16 30 11.757 27.0986 103.3233 4.5 5.77
2014 08 03 16 38 02.054 27.1367 103.3654 0.0 3.69
2014 08 03 16 38 36.019 27.0936 103.3751 12.6 2.98
2014 08 03 16 39 38.137 27.0819 103.4130 17.2 2.96
2014 08 03 16 42 56.728 27.0612 103.3239 0.0 3.39
2014 08 03 16 43 08.976 24.9614 97.8270 5.8 3.14
2014 08 03 16 45 19.187 27.1093 103.3579 0.0 3.66
2014 08 03 16 46 46.946 27.1549 103.3417 15.3 2.39
2014 08 03 16 47 36.662 27.1023 103.3501 5.6 2.61
2014 08 03 16 48 02.634 26.7878 103.1968 46.6 2.89
2014 08 03 16 48 40.846 27.0190 103.4345 7.2 2.43
2014 08 03 16 50 34.472 27.1680 103.3076 0.0 2.46
2014 08 03 16 52 14.187 27.1355 103.3351 0.1 2.52
2014 08 03 16 54 00.187 27.1046 103.3415 0.0 2.37
2014 08 03 16 54 06.435 27.5386 103.2684 45.4 2.82
2014 08 03 16 55 44.327 27.1121 103.3384 0.0 2.74
2014 08 03 16 56 01.281 24.9654 97.8296 6.7 1.63
2014 08 03 17 00 15.716 27.1264 103.3606 0.0 2.94
2014 08 03 17 02 28.231 27.3005 103.3924 29.1 2.26
2014 08 03 17 03 06.105 24.9612 97.7854 8.6 1.25
2014 08 03 17 03 07.554 27.1553 103.3462 19.1 1.87
2014 08 03 17 03 48.411 27.1038 103.3677 0.0 3.0
2014 08 03 17 04 27.565 27.0822 103.3921 0.0 2.85
2014 08 03 17 06 36.147 27.1041 103.3524 0.0 2.44
2014 08 03 17 06 58.937 27.1518 103.3267 8.0 2.36
2014 08 03 17 07 23.328 24.9571 97.7823 8.3 1.71
2014 08 03 17 07 36.401 27.0790 103.3668 0.0 2.96
2014 08 03 17 08 41.950 27.0302 103.4073 0.0 2.96
2014 08 03 17 13 09.539 27.1086 103.3863 0.0 3.42
2014 08 03 17 14 56.527 27.0995 103.3454 24.6 2.21
2014 08 03 17 15 49.990 27.0436 103.4265 17.8 2.04
2014 08 03 17 17 31.960 27.0265 103.4220 17.9 2.38
2014 08 03 17 19 02.004 26.9463 103.4612 12.8 2.15
2014 08 03 17 19 38.163 26.7127 103.0314 48.6 2.07
2014 08 03 17 20 27.465 26.9278 103.4846 32.4 1.7
2014 08 03 17 22 07.937 27.1299 103.3807 0.0 3.38
2014 08 03 17 24 44.064 27.1143 103.3733 0.0 2.42
2014 08 03 16 38 01.917 27.1530 103.3608 0.0 3.54
2014 08 03 16 39 38.369 27.0983 103.3984 14.9 -9999.0
2014 08 03 16 40 34.241 27.1971 103.2414 20.2 3.04
2014 08 03 16 42 58.084 27.0567 103.3968 2.6 3.27
2014 08 03 16 43 08.968 24.9614 97.8263 5.9 3.15
2014 08 03 16 43 32.020 24.9673 97.8348 7.9 1.97
2014 08 03 16 44 41.850 27.1371 103.3196 1.5 2.64
2014 08 03 16 45 18.644 27.1254 103.3506 0.0 3.66
2014 08 03 16 46 47.023 27.1528 103.3445 14.5 2.39
2014 08 03 16 47 36.828 27.1190 103.3687 14.7 2.56
2014 08 03 16 48 02.186 27.2240 103.3080 10.7 2.94
2014 08 03 16 48 40.716 27.1727 103.3323 17.2 2.4
2014 08 03 16 52 13.588 27.1045 103.3322 0.0 2.55
2014 08 03 16 53 59.669 26.8609 103.2109 42.5 -9999.0
2014 08 03 16 55 43.411 27.1682 103.3003 15.6 -9999.0
2014 08 03 16 56 01.233 24.9665 97.8307 7.0 -9999.0
2014 08 03 17 00 15.692 27.1228 103.3568 0.0 2.93
2014 08 03 17 02 27.720 27.0735 103.3711 5.8 2.23
2014 08 03 17 03 06.139 24.9609 97.7851 8.4 1.12
2014 08 03 17 03 48.318 27.1053 103.3691 0.0 2.93
2014 08 03 17 04 27.589 27.0756 103.3956 0.0 2.94
2014 08 03 17 06 36.097 27.1043 103.3536 0.0 2.44
2014 08 03 17 06 58.427 27.1776 103.3139 16.7 2.42
2014 08 03 17 07 23.323 24.9585 97.7842 8.4 1.8
2014 08 03 17 07 36.248 27.1362 103.3869 0.0 3.23
2014 08 03 17 08 42.299 27.0537 103.3961 0.0 2.97
2014 08 03 17 13 09.495 27.1059 103.3838 0.0 3.43
2014 08 03 17 14 56.175 27.1402 103.3390 24.8 2.2
2014 08 03 17 15 50.620 27.2422 104.1451 2.1 2.15
2014 08 03 17 17 32.048 27.1741 103.3250 21.7 2.26
2014 08 03 17 26 33.254 24.9788 97.7809 8.6 1.07
2014 08 03 17 27 06.277 26.4386 103.1497 50.0 2.26
2014 08 03 17 27 48.344 27.1674 103.3100 18.2 1.82
2014 08 03 17 28 08.958 27.1214 103.3428 0.0 2.6
2014 08 03 17 29 27.097 26.7097 102.9620 43.3 1.89
2014 08 03 17 29 37.063 27.0921 103.3311 0.0 2.12
2014 08 03 17 30 26.296 27.1227 103.3802 0.0 2.82
2014 08 03 17 34 05.726 24.9549 97.7849 7.8 1.43
2014 08 03 17 35 16.524 27.1512 103.3510 0.1 2.06
2014 08 03 17 35 57.875 27.0836 103.3914 11.1 2.06
2014 08 03 17 39 05.488 27.0756 103.4108 0.0 2.51
2014 08 03 17 41 10.571 27.1960 103.3304 18.8 2.22
2014 08 03 17 47 10.905 27.1231 103.3547 13.5 2.07
2014 08 03 17 47 34.021 27.1662 103.3324 16.6 2.05
2014 08 03 17 48 31.361 27.1319 103.3604 10.9 2.24
2014 08 03 17 48 48.739 24.9634 97.8271 6.4 2.94
2014 08 03 17 49 31.083 27.1088 103.3629 0.0 2.49
2014 08 03 17 50 17.777 24.9585 97.8284 3.7 1.76
2014 08 03 17 52 22.895 27.0460 103.4137 0.0 2.52
2014 08 03 17 55 13.534 28.0488 101.4669 32.7 1.69
2014 08 03 17 56 04.737 27.0954 103.3908 0.0 3.01
2014 08 03 17 57 27.243 27.2373 103.0596 20.0 2.1
2014 08 03 17 58 05.155 27.0568 103.3659 13.4 2.14
2014 08 03 18 00 49.408 27.0180 103.4381 13.3 2.27
2014 08 03 18 03 51.927 27.0652 103.3546 0.0 1.92
2014 08 03 18 04 06.664 26.9805 103.4478 0.6 2.55
2014 08 03 18 05 43.981 25.1704 102.8056 39.7 0.75
2014 08 03 18 08 09.174 27.0708 103.3961 0.0 3.02
2014 08 03 18 08 47.142 25.5273 100.6367 16.0 0.88
2014 08 03 18 09 15.222 26.9679 103.2486 36.3 1.83
2014 08 03 18 10 14.867 27.0911 103.3308 7.4 2.04
2014 08 03 18 10 09.349 23.1466 103.4996 10.7 1.85
2014 08 03 18 11 45.126 27.0849 103.3760 14.4 1.63
2014 08 03 18 12 42.659 27.1245 103.3548 0.0 3.64
2014 08 03 18 16 44.422 23.5109 104.4182 10.2 1.46
2014 08 03 18 17 54.501 27.0968 103.3402 0.0 2.32
2014 08 03 18 18 08.147 27.1074 103.3426 0.0 2.47
2014 08 03 18 18 33.568 27.8768 103.1610 50.0 2.17
2014 08 03 18 19 04.663 24.3209 98.5248 18.1 2.07
2014 08 03 18 19 59.009 27.0378 103.3845 0.0 2.35
2014 08 03 18 20 43.421 25.0688 98.3880 20.1 -0.02
2014 08 03 18 20 40.226 27.1084 103.3468 6.3 1.87
2014 08 03 18 26 11.562 27.0072 103.4597 14.4 2.05
2014 08 03 18 30 21.769 27.0960 103.3300 0.0 2.36
2014 08 03 18 32 34.035 27.0888 103.4036 15.8 2.18
2014 08 03 18 34 01.291 27.1167 103.3858 0.0 3.57
2014 08 03 18 36 07.381 27.0707 103.3204 0.1 2.48
2014 08 03 18 37 26.137 25.9237 99.1420 18.3 0.86
2014 08 03 18 38 07.053 27.0248 103.3980 0.1 1.93
2014 08 03 18 39 51.790 27.1068 103.3258 0.0 2.59
2014 08 03 18 40 56.108 23.4164 104.2366 0.0 2.06
2014 08 03 18 42 02.181 23.4752 105.8280 39.5 2.85
2014 08 03 18 42 12.587 27.0895 103.3320 0.0 2.53
2014 08 03 18 42 55.032 27.0880 103.3805 13.8 2.14
2014 08 03 18 43 09.929 27.0998 103.2925 5.2 2.36
2014 08 03 18 44 33.408 28.5205 104.4636 29.9 nan
2014 08 03 18 45 32.530 27.0641 103.4012 0.0 2.39
2014 08 03 18 47 42.570 26.9985 103.2393 13.5 1.85
2014 08 03 18 50 26.142 27.0015 103.4097 0.0 2.57
2014 08 03 18 53 16.800 27.0568 103.4045 10.5 1.79
2014 08 03 18 54 27.801 27.1918 103.2955 22.6 2.1
2014 08 03 18 54 38.996 27.9586 101.4355 2.7 2.19
2014 08 03 18 54 55.466 27.0959 103.6826 44.1 2.06
2014 08 03 18 59 03.889 24.1198 101.6879 8.5 1.38
2014 08 03 18 59 44.902 27.1169 103.3807 25.9 1.84
2014 08 03 19 04 47.169 24.9505 97.7709 6.3 1.07
2014 08 03 19 05 38.092 27.1028 103.3715 0.0 3.15
2014 08 03 19 05 41.671 25.1968 97.8286 10.5 1.52
2014 08 03 19 06 17.828 27.0912 103.3932 0.0 3.15
2014 08 03 19 07 20.575 27.0952 103.3848 0.0 4.12
2014 08 03 19 10 06.375 27.0883 103.3906 0.0 2.43
2014 08 03 19 10 27.246 27.1252 103.3524 0.7 2.59
2014 08 03 19 13 28.461 27.0575 103.3492 25.0 1.98
2014 08 03 19 14 55.322 27.1103 103.3834 0.0 2.49
2014 08 03 19 15 22.169 27.0313 103.4164 9.1 3.21
2014 08 03 19 15 36.875 23.2096 104.7489 0.0 1.4
2014 08 03 19 17 17.188 27.1180 103.3519 0.0 3.22
2014 08 03 19 21 37.355 27.2456 103.2911 14.8 2.04
2014 08 03 19 23 33.329 24.4130 102.2927 16.2 1.5
2014 08 03 19 26 47.442 26.9889 103.4576 0.0 2.2
2014 08 03 19 27 32.952 24.9606 97.8312 5.4 1.46
2014 08 03 19 27 54.914 27.0681 103.3970 0.0 2.48
2014 08 03 19 28 25.298 27.0360 103.4122 0.0 2.91
2014 08 03 19 31 24.750 27.1008 103.3529 9.3 1.89
2014 08 03 19 31 55.638 27.1022 103.3218 0.0 3.06
2014 08 03 19 33 10.589 21.8345 104.7140 37.8 2.3
2014 08 03 19 34 00.518 27.0469 103.4102 4.2 2.11
2014 08 03 19 34 13.321 27.0011 103.4415 0.0 2.22
2014 08 03 19 35 28.158 27.0835 103.3308 6.8 2.13
2014 08 03 19 35 51.611 27.0888 103.2837 0.0 2.57
2014 08 03 19 39 49.480 26.9007 103.2437 44.7 1.82
2014 08 03 19 42 28.298 27.0804 103.4008 18.9 1.65
2014 08 03 19 44 23.705 27.1673 103.3383 23.7 1.83
2014 08 03 19 46 32.648 27.0641 103.3882 0.4 3.64
2014 08 03 19 49 28.645 26.9918 103.4515 11.9 2.02
2014 08 03 19 51 02.110 27.0352 103.4190 8.9 1.83
2014 08 03 19 52 33.810 27.0341 103.4241 0.0 2.47
2014 08 03 19 54 58.081 27.0911 103.4013 16.5 1.57
2014 08 03 20 08 55.599 27.1280 103.3538 13.2 1.65
2014 08 03 20 09 57.428 27.0885 103.3886 0.0 2.27
2014 08 03 20 11 07.170 27.0778 103.3826 0.0 2.16
2014 08 03 20 13 00.955 27.0976 103.3862 0.0 3.09
2014 08 03 20 14 50.456 27.0901 103.4053 0.0 2.1
2014 08 03 20 16 37.640 27.2190 103.2954 15.1 2.13
2014 08 03 20 17 02.682 27.0411 103.2873 6.5 2.32
2014 08 03 20 21 34.548 25.8392 104.4376 8.7 2.66
2014 08 03 20 25 54.414 27.1187 103.3760 0.0 2.43
2014 08 03 20 28 26.470 27.1190 103.2944 0.0 2.69
2014 08 03 20 30 39.815 27.0248 103.4095 0.0 2.12
2014 08 03 20 31 47.019 27.1024 103.3816 0.0 1.73
2014 08 03 20 35 30.019 27.0243 103.4320 12.6 2.27
2014 08 03 20 37 33.774 28.0402 101.4849 16.9 1.83
2014 08 03 20 37 59.309 24.9634 97.8065 7.1 1.27
2014 08 03 20 39 58.566 27.1049 103.3441 0.0 1.79
2014 08 03 20 42 27.138 27.1143 103.3530 0.0 2.35
2014 08 03 20 43 45.739 27.0467 103.6185 31.8 1.72
2014 08 03 20 44 20.615 25.8901 100.4381 18.4 0.96
2014 08 03 20 45 55.374 27.1696 103.3598 0.0 2.37
2014 08 03 20 48 36.164 25.8949 100.4520 0.0 0.9
2014 08 03 20 48 30.981 24.9753 97.8782 7.8 1.3
2014 08 03 20 49 04.977 27.0798 103.2146 20.9 2.86
2014 08 03 20 54 34.836 24.9790 97.8469 9.1 1.54
2014 08 03 20 54 29.087 27.0509 103.3843 0.0 2.25
2014 08 03 20 59 56.664 27.0928 103.3325 0.0 2.54
2014 08 03 21 01 09.731 27.1150 103.3441 5.4 1.97
2014 08 03 21 02 18.721 27.0811 103.4241 0.0 1.73
2014 08 03 21 03 37.264 26.2343 99.4675 49.9 1.47
2014 08 03 21 03 44.275 24.9640 97.8394 6.6 1.23
2014 08 03 21 05 07.932 25.8556 100.5129 16.7 1.56
2014 08 03 21 06 57.561 28.0615 101.4402 21.9 1.34
2014 08 03 21 08 04.338 24.9778 97.8399 6.8 1.35
2014 08 03 21 11 19.049 27.1105 103.3876 0.0 2.81
2014 08 03 21 13 25.820 27.1283 103.3507 12.6 1.77
2014 08 03 21 28 03.708 27.0216 103.4266 0.0 2.0
2014 08 03 21 36 19.991 26.7957 103.3207 33.0 1.44
2014 08 03 21 36 48.147 27.0148 103.4406 16.3 1.8
2014 08 03 21 47 08.117 27.1244 103.3969 0.0 4.06
2014 08 03 21 47 59.756 25.6724 99.8942 36.4 2.65
2014 08 03 21 52 33.148 27.0886 103.3053 2.1 1.85
2014 08 03 21 59 40.098 27.1189 102.7528 37.9 1.74
2014 08 03 22 01 14.222 24.7701 98.8503 13.6 1.81
2014 08 03 22 02 04.059 27.0701 103.3066 0.0 1.97
2014 08 03 22 02 03.796 30.7497 103.9357 0.1 2.29
2014 08 03 22 05 51.457 27.1123 103.3832 0.0 2.59
2014 08 03 22 06 21.206 24.9692 97.8372 7.6 1.07
2014 08 03 22 07 24.717 27.0080 103.4393 50.0 1.73
2014 08 03 22 11 07.813 27.1167 103.3715 0.0 1.42
2014 08 03 22 14 17.136 26.9819 103.7482 30.2 1.88
2014 08 03 22 14 44.799 24.9816 98.6668 11.1 0.54
2014 08 03 22 14 49.163 27.0251 103.4075 1.3 2.92
2014 08 03 22 18 39.924 27.0959 103.3651 0.0 2.31
2014 08 03 22 19 27.092 27.2113 103.2579 10.4 1.68
2014 08 03 22 21 38.097 28.0420 101.4167 24.1 1.49
2014 08 03 22 22 15.219 27.0978 103.3516 0.0 2.51
2014 08 03 22 25 11.324 27.1199 103.3683 0.0 2.69
2014 08 03 22 25 28.300 26.6630 103.6369 45.4 2.29
2014 08 03 22 27 30.328 24.9738 97.8143 8.7 0.94
2014 08 03 22 28 29.387 27.1070 103.3605 0.0 4.13
2014 08 03 22 29 23.025 24.4241 100.7982 33.4 2.33
2014 08 03 22 32 58.394 27.1434 103.3556 0.5 1.64
2014 08 03 22 33 34.297 25.0073 97.8888 8.3 1.59
2014 08 03 22 35 07.248 27.1111 103.3445 0.0 1.77
2014 08 03 22 36 45.168 27.2414 103.2597 10.9 1.99
2014 08 03 22 36 56.227 27.1320 103.3383 0.0 2.33
2014 08 03 22 37 03.489 27.4300 103.1230 27.2 2.26
2014 08 03 22 39 46.733 26.8858 102.7714 0.0 1.7
2014 08 03 22 40 45.032 24.9655 97.8292 6.3 1.99
2014 08 03 22 42 03.867 27.0009 103.5397 41.1 1.66
2014 08 03 22 45 01.222 27.0307 103.4309 12.0 1.63
2014 08 03 22 52 16.499 27.1183 103.3433 0.0 2.27
2014 08 03 22 52 21.727 28.5412 98.7606 37.6 2.33
2014 08 03 22 53 29.574 27.0147 103.4317 14.9 1.76
2014 08 03 22 56 10.746 26.9907 103.4267 1.8 1.44
2014 08 03 22 36 45.089 27.0706 103.3746 18.7 1.87
2014 08 03 22 36 56.618 27.0847 103.3468 0.1 2.34
2014 08 03 22 39 46.001 26.8782 102.8106 0.0 1.83
2014 08 03 22 40 44.913 24.9685 97.8240 7.9 2.01
2014 08 03 22 45 01.333 27.0366 103.4269 11.4 1.64
2014 08 03 22 47 47.887 26.9583 103.5513 38.7 1.7
2014 08 03 22 47 59.728 22.8289 104.7628 20.5 1.78
2014 08 03 22 58 07.453 27.0716 103.4094 0.0 2.55
2014 08 03 23 08 30.254 27.1125 103.3842 0.0 3.41
2014 08 03 23 09 22.210 25.6428 99.8576 34.0 1.87
2014 08 03 23 15 06.853 27.1029 103.1966 0.0 1.58
2014 08 03 23 17 09.170 27.1226 103.3721 0.0 1.41
2014 08 03 23 20 18.075 27.1773 103.3436 26.0 -9999.0
2014 08 03 23 23 32.057 27.1115 103.2961 0.0 2.22
2014 08 03 23 26 10.866 29.2308 102.0302 8.4 1.64
2014 08 03 23 27 41.476 26.9422 103.4217 0.6 1.66
2014 08 03 23 31 18.795 27.1180 103.3485 0.6 1.83
2014 08 03 23 33 54.157 27.1363 103.3376 0.0 1.73
2014 08 03 23 35 39.205 24.6595 97.7463 12.2 0.94
2014 08 03 23 36 32.209 27.2325 103.2126 8.6 1.58
2014 08 03 23 40 33.074 24.9668 97.7795 5.9 1.14
2014 08 03 23 48 09.355 27.0663 103.3979 0.0 2.04
2014 08 03 23 48 11.983 24.9706 97.7762 5.8 3.16
2014 08 03 23 53 57.250 27.0748 103.3357 0.0 1.38
2014 08 03 23 55 09.777 27.0682 103.4044 17.6 1.66
2014 08 03 23 56 17.988 23.9733 99.4936 4.5 1.13
2014 08 03 23 57 00.412 27.0327 103.4361 0.0 1.55
2014 08 03 23 57 45.182 24.9719 97.8103 7.2 1.46
2014 08 03 23 58 24.204 24.9703 97.8329 7.4 1.05
2014 08 03 23 59 22.057 25.0086 97.8468 10.6 1.14
2014 08 03 23 59 36.913 25.0346 97.8637 10.0 0.94
2014 08 03 23 59 36.536 27.1180 103.3589 0.0 1.87
2014 08 04 00 02 04.051 27.1110 103.3402 0.0 1.79
2014 08 04 00 02 03.692 27.1110 103.3428 0.0 1.79
2014 08 04 00 05 02.074 24.9843 97.7844 9.2 1.04
2014 08 04 00 07 49.649 27.0998 103.4044 12.4 2.47
2014 08 04 00 17 52.654 24.9916 97.7648 5.6 0.85
2014 08 04 00 17 55.526 27.1157 103.3884 17.8 1.66
2014 08 04 00 20 45.227 24.9758 97.8510 9.3 0.83
2014 08 04 00 25 19.089 27.1108 103.3516 0.0 3.19
2014 08 04 00 27 25.404 27.1154 103.3249 0.0 2.16
2014 08 04 00 30 21.006 27.0365 103.4310 12.5 1.82
2014 08 04 00 35 16.028 25.0364 97.8336 6.3 1.41
2014 08 04 00 38 49.897 27.0604 103.3819 18.4 1.45
2014 08 04 00 43 55.929 27.0476 103.3950 0.0 1.83
2014 08 04 00 46 36.239 24.9574 97.8102 10.3 1.19
2014 08 04 00 48 13.922 27.0265 103.3589 0.0 1.64
2014 08 04 00 50 24.319 27.1259 103.3702 0.0 1.74
2014 08 04 00 54 30.217 27.1034 103.3339 0.0 1.57
2014 08 04 00 55 29.920 27.0874 103.3928 0.0 2.29
2014 08 04 00 56 04.432 24.9729 97.8498 7.0 1.82
2014 08 04 00 56 50.125 27.0883 103.2976 1.1 1.59
2014 08 04 01 00 08.526 27.0449 103.3733 0.0 1.65
2014 08 04 01 05 12.422 27.0924 103.3722 0.0 1.93
2014 08 04 01 06 30.056 27.1067 103.3412 0.0 1.78
2014 08 04 01 16 50.122 24.9671 97.8376 7.3 1.01
2014 08 04 01 22 42.158 24.9640 97.8311 5.6 0.98
2014 08 04 01 22 45.618 27.1049 103.3001 13.4 2.05
2014 08 04 01 25 37.705 26.9816 103.4172 16.1 1.69
2014 08 04 01 31 06.494 27.0040 103.4434 5.2 1.63
2014 08 04 01 34 06.795 27.1131 103.3634 0.0 1.95
2014 08 04 01 36 57.137 27.1861 103.3273 26.1 1.78
2014 08 04 01 37 56.979 27.0242 103.4295 14.4 1.68
2014 08 04 01 39 33.228 25.0745 97.8581 2.2 1.12
2014 08 04 01 41 56.781 27.0275 103.4245 0.0 3.1
2014 08 04 01 43 31.237 27.0988 103.3675 22.5 2.26
2014 08 04 01 46 46.108 26.7906 100.4034 5.0 0.97
2014 08 04 01 46 46.985 27.1082 103.3322 0.0 1.95
2014 08 04 01 46 56.686 24.9672 97.7768 5.9 1.55
2014 08 04 01 52 38.354 27.1122 103.3490 0.0 1.68
2014 08 04 01 53 54.027 25.0488 97.8915 0.0 0.77
2014 08 04 01 54 41.241 27.0666 103.4042 9.8 1.65
2014 08 04 01 55 29.911 27.0212 103.4034 15.3 1.22
2014 08 04 01 55 51.305 27.0870 103.3671 17.5 1.23
2014 08 04 01 58 18.571 27.1028 103.3578 0.0 1.63
2014 08 04 01 59 58.352 27.0142 103.4137 8.4 2.44
2014 08 04 02 04 18.214 24.9926 97.7912 6.5 1.05
2014 08 04 02 04 17.916 27.1551 103.3619 18.8 1.64
2014 08 04 02 06 04.803 24.9677 97.8287 6.3 1.21
2014 08 04 02 06 55.225 27.0289 103.3958 8.3 2.12
2014 08 04 02 11 14.086 25.0261 97.8573 10.4 2.38
2014 08 04 02 19 02.333 27.1271 103.3855 0.0 1.91
2014 08 04 02 21 25.315 27.1198 103.2850 1.6 2.27
2014 08 04 02 22 30.197 27.1454 101.1264 26.1 1.76
2014 08 04 02 23 44.104 27.1113 103.3553 0.0 1.87
2014 08 04 02 24 39.722 27.1402 103.3395 17.5 -9999.0
2014 08 04 02 26 16.710 27.1062 103.3515 0.0 -9999.0
2014 08 04 02 26 17.696 27.1112 103.3381 0.0 -9999.0
2014 08 04 02 26 49.220 24.9531 97.8357 6.0 0.69
2014 08 04 02 31 15.892 24.9680 97.8346 7.7 0.76
2014 08 04 02 34 30.285 27.0994 103.3442 0.0 1.74
2014 08 04 02 35 12.016 27.0803 103.3698 10.1 -9999.0
2014 08 04 02 38 15.547 27.1326 103.3371 0.0 2.3
2014 08 04 02 40 03.534 24.9781 97.8598 9.2 0.94
2014 08 04 02 47 33.679 24.7066 99.5972 2.5 1.97
2014 08 04 02 51 19.500 24.9823 97.8380 6.2 1.0
2014 08 04 02 55 11.583 24.9451 97.8199 4.5 0.83
2014 08 04 02 55 37.144 27.0691 103.3662 8.3 1.47
2014 08 04 02 57 33.928 24.9673 97.8337 5.6 0.49
2014 08 04 02 59 02.729 26.9494 103.4661 0.1 1.49
2014 08 04 03 00 12.972 25.0221 97.8567 9.5 0.56
2014 08 04 03 01 44.226 24.9777 97.8512 3.1 1.11
2014 08 04 03 02 52.790 27.1592 103.3196 18.0 1.64
2014 08 04 03 04 48.453 27.1034 103.3490 0.0 1.51
2014 08 04 03 05 16.384 27.2058 103.2737 21.8 1.53
2014 08 04 03 06 29.001 24.9593 97.7856 8.9 -9999.0
2014 08 04 03 07 57.915 25.0076 97.8593 7.7 0.85
2014 08 04 03 13 49.497 25.0508 97.8374 0.0 0.4
2014 08 04 03 21 19.015 27.0376 103.4077 0.0 1.97
2014 08 04 03 22 07.828 27.0745 103.3866 15.8 -9999.0
2014 08 04 03 28 51.078 24.9845 97.8985 7.8 0.82
2014 08 04 03 30 31.185 27.0826 103.3825 12.4 4.47
2014 08 04 03 30 50.110 24.8915 97.8989 12.4 0.35
2014 08 04 03 36 15.905 27.0813 103.3812 0.0 2.15
2014 08 04 03 39 51.919 27.0344 103.4242 9.8 1.88
2014 08 04 03 41 34.713 24.7673 98.7872 28.2 1.13
2014 08 04 03 41 50.562 27.1741 103.3210 15.0 1.28
2014 08 04 03 43 06.553 27.0596 103.4017 0.0 1.48
2014 08 04 03 45 28.567 27.1143 103.3860 0.1 2.05
2014 08 04 03 53 46.272 27.1096 103.3474 0.0 1.75
2014 08 04 04 02 49.397 27.0198 103.3974 0.0 1.61
2014 08 04 04 04 31.928 25.1447 99.5961 0.0 1.03
2014 08 04 04 04 48.151 24.9838 97.8717 12.9 0.75
2014 08 04 04 05 01.110 28.4898 102.3899 4.6 1.75
2014 08 04 04 13 09.763 27.1882 103.3219 20.0 1.71
2014 08 04 04 19 10.191 27.0879 103.3178 0.5 1.25
2014 08 04 04 19 32.294 25.1336 99.5903 0.0 1.1
2014 08 04 04 24 11.388 27.0768 103.3927 0.0 1.46
2014 08 04 04 26 03.483 27.0791 103.3439 0.0 1.54
2014 08 04 04 28 20.003 27.1111 103.3101 0.0 2.38
2014 08 04 04 32 36.965 24.9635 97.8343 7.6 0.29
2014 08 04 04 33 07.630 28.0164 99.5262 35.0 2.24
2014 08 04 04 34 05.226 25.0218 97.8625 7.9 0.74
2014 08 04 04 38 10.490 21.3725 101.0153 0.1 1.31
2014 08 04 04 39 02.180 27.0283 103.4186 6.7 1.88
2014 08 04 04 41 35.206 27.0995 103.2909 0.0 2.24
2014 08 04 04 43 13.151 27.0706 103.3157 0.0 1.35
2014 08 04 04 46 53.220 27.0911 103.3600 12.7 1.73
2014 08 04 04 53 50.255 24.9653 97.8405 7.2 0.61
2014 08 04 05 07 44.413 25.0163 97.8475 6.2 1.41
2014 08 04 05 09 34.843 24.9988 97.8834 4.9 1.06
2014 08 04 05 13 09.668 27.0340 103.4158 16.0 1.39
2014 08 04 05 15 45.226 24.9590 97.7827 8.6 1.3
2014 08 04 05 23 38.576 27.1166 103.3570 0.0 1.77
2014 08 04 05 25 49.655 27.0461 103.4103 14.2 1.6
2014 08 04 05 27 19.809 25.0078 97.8479 9.1 -9999.0
2014 08 04 05 27 17.238 27.0985 103.3893 0.0 1.76
2014 08 04 05 36 07.730 27.1365 103.3135 0.0 1.7
2014 08 04 05 44 21.822 27.0856 103.3276 14.9 1.32
2014 08 04 05 46 00.923 27.1168 103.3683 0.0 2.43
2014 08 04 05 46 51.571 24.9645 97.7803 7.5 0.55
2014 08 04 05 49 56.111 26.2483 99.3509 30.0 1.18
2014 08 04 05 50 10.549 28.0602 101.3807 28.4 1.62
2014 08 04 05 54 04.857 27.1089 103.3188 0.0 2.84
2014 08 04 05 54 34.567 24.9715 97.7741 7.6 -9999.0
2014 08 04 05 58 07.111 26.9385 103.3025 0.0 1.83
2014 08 04 05 58 53.935 27.0367 103.4177 15.4 1.55
2014 08 04 06 08 35.781 24.8552 98.7552 10.8 0.48
2014 08 04 06 08 57.729 27.0398 103.4177 9.2 2.87
2014 08 04 06 11 00.645 24.9740 97.8443 7.6 0.83
2014 08 04 06 15 55.744 27.0804 103.3760 0.0 1.61
2014 08 04 06 16 29.265 25.0169 97.7865 4.5 1.21
2014 08 04 06 17 37.168 24.9506 98.3672 8.8 1.67
2014 08 04 06 17 48.853 27.1094 103.3678 0.0 2.29
2014 08 04 06 18 18.995 27.0963 103.3882 0.0 3.49
2014 08 04 06 19 12.731 26.3971 99.4805 19.7 1.44
2014 08 04 06 20 48.112 27.0194 103.4347 13.9 1.88
2014 08 04 06 21 52.483 27.1149 103.2794 0.0 1.72
2014 08 04 06 25 04.134 27.2130 103.3120 11.6 1.58
2014 08 04 06 39 38.649 25.9533 101.4357 12.4 1.0
2014 08 04 06 45 36.432 27.0764 103.4153 16.1 1.57
2014 08 04 06 59 11.144 27.0867 103.3184 0.0 1.44
2014 08 04 07 00 54.151 27.0239 103.4268 10.7 1.57
2014 08 04 07 06 10.157 27.0947 103.3831 11.3 3.87
2014 08 04 07 20 18.546 27.1005 103.3399 0.0 2.01
2014 08 04 07 24 20.911 27.1451 103.3394 0.0 1.8
2014 08 04 07 32 15.211 27.0660 103.3979 0.0 1.97
2014 08 04 07 44 42.306 27.0569 103.4112 13.8 1.96
2014 08 04 07 53 49.330 27.0957 103.3103 12.0 1.75
2014 08 04 07 56 49.614 25.6027 101.0213 28.9 0.69
2014 08 04 07 58 53.674 27.1500 103.3522 19.2 1.65
2014 08 04 08 01 59.059 24.8825 97.8014 3.5 1.27
2014 08 04 08 05 42.640 27.1061 103.3583 17.8 1.86
2014 08 04 08 29 39.633 27.8135 101.3531 45.9 0.73
2014 08 04 08 32 27.936 24.9902 97.7660 5.8 2.04
2014 08 04 08 35 35.412 27.0863 103.3652 13.4 -9999.0
2014 08 04 08 38 16.367 26.9302 103.2225 39.5 1.59
2014 08 04 08 46 58.002 27.0352 103.4041 0.0 2.5
2014 08 04 08 52 46.700 27.0814 103.3804 10.0 1.99
2014 08 04 08 54 28.253 27.0788 103.3856 10.5 2.12
2014 08 04 09 05 15.505 24.9767 97.8074 6.6 1.65
2014 08 04 09 09 28.496 27.0146 103.4374 12.9 1.88
2014 08 04 09 17 59.412 27.0120 103.4403 15.2 1.86
2014 08 04 09 43 32.979 27.1023 103.3781 0.0 2.42
2014 08 04 10 23 52.370 26.9903 103.4462 0.0 2.24
2014 08 04 10 29 35.112 27.0009 103.4484 2.4 2.14
2014 08 04 10 51 29.665 24.9316 97.8102 10.7 1.45
2014 08 04 11 07 27.136 27.0726 103.3759 22.1 1.78
2014 08 04 11 15 06.541 26.9905 103.4445 8.3 2.04
2014 08 04 11 15 33.327 22.9540 105.4949 25.5 2.11
2014 08 04 11 36 48.427 27.1097 103.3376 0.0 1.93
2014 08 04 11 39 24.775 27.1007 103.3535 0.0 2.25
2014 08 04 12 07 01.374 24.8936 97.8297 7.1 1.73
2014 08 04 12 23 14.478 27.1058 103.3574 0.4 1.73
2014 08 04 12 35 13.671 26.8674 99.9010 2.6 1.42
2014 08 04 13 00 50.598 26.4314 101.9788 27.1 1.01
2014 08 04 13 04 38.956 25.0073 97.8642 6.0 1.55
2014 08 04 13 06 35.979 25.9626 100.2156 20.0 0.82
2014 08 04 13 19 36.161 27.1701 103.3281 23.0 2.25
2014 08 04 13 20 56.175 27.1116 103.4051 0.0 1.54
2014 08 04 13 21 49.852 26.8838 102.9282 17.6 1.57
2014 08 04 13 25 50.730 24.9676 97.8310 5.8 1.82
2014 08 04 13 26 57.265 24.8122 97.9214 11.5 0.96
2014 08 04 13 30 22.143 24.9730 97.8637 4.1 2.2
2014 08 04 13 45 21.428 27.1141 103.3628 0.0 3.29
2014 08 04 14 01 54.494 24.9643 97.8810 6.8 1.67
2014 08 04 14 04 25.158 27.2408 103.2941 28.0 1.51
2014 08 04 14 05 10.026 24.9758 97.8703 5.2 1.14
2014 08 04 14 17 19.938 27.1620 103.3637 2.5 2.18
2014 08 04 14 22 03.350 27.0974 103.3452 0.0 2.24
2014 08 04 14 22 42.173 27.1334 103.3502 10.9 2.17
2014 08 04 14 45 18.328 24.9595 97.7836 8.3 1.71
2014 08 04 15 00 37.094 26.6088 102.9269 41.6 1.82
2014 08 04 15 03 46.318 27.1148 103.3560 9.0 2.21
2014 08 04 15 04 46.654 27.1319 103.3616 15.2 2.16
2014 08 04 15 09 52.353 27.1300 103.2291 0.0 2.23
2014 08 04 15 14 48.344 24.9802 97.8585 6.1 1.77
2014 08 04 15 15 56.366 27.0538 103.3866 0.0 2.77
2014 08 04 15 52 13.097 27.1409 103.3674 17.5 1.51
2014 08 04 15 55 05.619 25.1999 102.7540 25.7 -9999.0
2014 08 04 16 02 11.116 24.9920 97.7729 4.7 1.76
2014 08 04 16 26 38.288 27.1137 103.3658 14.8 1.4
2014 08 04 16 43 56.642 27.1186 103.3258 0.0 2.6
2014 08 04 17 06 50.030 25.6312 101.0193 30.5 0.93
2014 08 04 17 08 06.181 27.0572 103.4130 4.6 2.16
2014 08 04 17 25 40.318 27.1477 103.3635 0.9 2.17
2014 08 04 17 27 11.907 26.5594 101.7398 15.0 0.8
2014 08 04 17 35 06.016 24.9645 97.8313 5.1 1.54
2014 08 04 17 38 49.949 27.1286 103.3728 19.1 2.61
2014 08 04 17 48 16.094 27.1320 103.3632 19.6 1.73
2014 08 04 17 52 13.444 27.1007 103.3831 9.7 2.68
2014 08 04 17 53 26.746 23.0151 104.6153 22.2 1.96
2014 08 04 17 48 16.138 27.1239 103.3699 18.8 1.74
2014 08 04 18 13 20.570 27.5435 100.9126 37.4 0.75
2014 08 04 18 13 16.882 29.4643 106.7963 1.0 2.17
2014 08 04 18 18 43.320 27.0859 103.3799 10.3 1.72
2014 08 04 18 47 45.625 27.0900 103.3872 17.5 1.55
2014 08 04 18 58 19.041 27.1151 103.3451 14.1 1.85
2014 08 04 18 58 26.030 23.3327 104.2644 21.8 1.25
2014 08 04 18 59 13.920 24.9416 97.8151 7.9 1.33
2014 08 04 18 59 41.158 27.0767 103.3838 11.5 2.19
2014 08 04 19 08 25.220 23.6288 104.6910 25.7 2.0
2014 08 04 19 18 55.730 27.1067 103.3232 11.4 1.55
2014 08 04 19 19 05.864 24.9981 97.8442 12.4 1.63
2014 08 04 19 20 15.874 27.0515 103.3993 0.0 2.48
2014 08 04 19 38 22.479 27.2075 103.2547 16.3 1.48
2014 08 04 19 45 18.863 27.1165 103.3512 10.2 1.89
2014 08 04 19 45 53.260 23.4228 104.2939 19.7 -9999.0
2014 08 04 19 46 44.041 25.7409 100.5077 16.5 0.0
2014 08 04 19 46 25.894 21.9538 106.8208 10.5 2.2
2014 08 04 19 48 33.697 27.4230 100.6785 8.6 0.21
2014 08 04 19 54 05.895 27.0986 103.3827 18.8 1.4
2014 08 04 19 56 20.175 27.0931 103.3709 7.8 1.84
2014 08 04 19 58 54.265 24.9251 97.8185 10.4 1.06
2014 08 04 19 58 54.063 27.1261 103.3689 16.6 1.28
2014 08 04 20 11 19.381 27.0738 103.3891 4.5 2.79
2014 08 04 20 11 52.849 23.7620 104.3965 0.1 1.54
2014 08 04 20 13 16.302 27.0661 103.3990 12.5 2.03
2014 08 04 20 14 24.667 27.1332 103.4076 13.3 1.4
2014 08 04 20 14 33.282 24.9649 97.8412 6.9 1.36
2014 08 04 20 22 15.898 24.9676 97.8370 6.0 1.65
2014 08 04 20 23 31.666 24.9034 97.8057 3.1 1.07
2014 08 04 20 31 31.460 27.4620 103.1048 19.8 2.06
2014 08 04 20 37 31.346 27.0719 103.3778 0.0 1.92
2014 08 04 20 40 46.824 27.0789 103.3393 1.7 2.04
2014 08 04 20 43 21.340 27.0584 103.3943 8.5 1.57
2014 08 04 21 03 20.697 25.8915 100.5042 16.0 0.68
2014 08 04 21 13 39.429 27.0708 103.3683 8.6 2.0
2014 08 04 21 17 20.270 25.0248 97.8207 0.0 1.14
2014 08 04 21 19 25.174 27.1199 103.3678 11.2 1.39
2014 08 04 21 20 11.331 27.0780 103.3775 6.2 -9999.0
2014 08 04 21 22 10.009 27.2997 101.1010 27.1 1.0
2014 08 04 21 28 38.471 27.1892 103.2977 0.0 2.14
2014 08 04 21 36 53.158 27.1570 103.3880 10.4 1.34
2014 08 04 21 41 37.384 27.2535 103.3332 35.9 1.33
2014 08 04 21 49 34.119 27.1320 103.3353 14.8 1.2
2014 08 04 21 52 51.008 27.2522 103.2709 16.7 2.05
2014 08 04 21 58 19.927 27.1642 103.2892 24.6 1.38
2014 08 04 22 05 08.866 27.1074 103.3072 0.0 2.14
2014 08 04 22 15 30.827 27.1343 103.3731 0.0 2.23
2014 08 04 22 17 29.148 27.0818 103.3723 0.0 1.25
2014 08 04 22 18 29.401 27.2238 103.2550 24.0 1.41
2014 08 04 22 19 41.524 27.0917 103.3869 0.0 1.57
2014 08 04 22 20 06.927 27.2391 103.2874 15.5 1.63
2014 08 04 22 27 56.188 27.0931 103.3775 0.0 1.86
2014 08 04 22 32 17.512 25.7601 98.4694 0.0 1.4
2014 08 04 22 32 55.410 27.0618 103.3802 0.0 1.6
2014 08 04 22 33 42.713 23.2637 104.4421 0.6 0.84
2014 08 04 22 34 04.390 27.0714 103.3839 0.0 1.6
2014 08 04 22 34 34.394 27.0856 103.3938 13.5 1.56
2014 08 04 22 39 05.573 27.0504 103.3647 0.0 1.73
2014 08 04 22 42 06.631 27.0383 103.4202 11.2 1.73
2014 08 04 22 43 25.469 27.0981 103.3711 0.7 1.43
2014 08 04 22 44 24.317 27.1040 103.3071 10.5 2.19
2014 08 04 22 45 26.896 27.1228 103.3775 10.0 2.6
2014 08 04 22 48 29.820 27.1537 103.3555 18.9 2.1
2014 08 04 22 50 48.356 24.9503 97.7972 7.3 0.77
2014 08 04 23 01 05.126 27.3992 103.3522 20.8 1.23
2014 08 04 23 07 46.106 25.1707 97.9466 11.7 1.19
2014 08 04 23 20 08.538 28.4028 104.8980 0.1 1.28
2014 08 04 23 32 34.004 27.1525 103.3642 15.9 1.13
2014 08 04 23 34 59.694 27.0942 103.3327 0.0 1.74
2014 08 04 23 36 38.827 24.3653 98.1985 11.1 1.65
2014 08 04 23 40 56.230 27.1092 103.3689 15.6 1.19
2014 08 04 23 51 25.390 27.1467 103.3499 10.2 2.27
2014 08 04 23 52 36.154 27.0963 103.3584 11.5 1.77
2014 08 04 23 53 22.466 27.0246 103.4272 14.4 1.63
2014 08 05 00 07 02.511 27.1005 103.3551 13.1 1.17
2014 08 05 00 23 07.136 27.1704 103.3276 0.0 1.44
2014 08 05 00 24 18.996 27.1112 103.2891 9.1 1.39
2014 08 05 00 25 13.059 27.1388 103.2916 16.9 1.7
2014 08 05 00 26 43.899 24.9949 97.8194 15.3 0.8
2014 08 05 00 35 41.711 27.0376 103.4291 0.0 1.87
2014 08 05 00 39 08.812 27.1015 103.3509 5.7 2.08
2014 08 05 00 42 25.874 24.9694 97.7784 7.5 2.45
2014 08 05 00 44 42.453 24.9676 97.7784 7.1 1.54
2014 08 05 00 46 15.959 24.9059 97.8071 11.3 0.99
2014 08 05 00 48 33.221 27.0572 103.3980 16.9 1.66
2014 08 05 00 54 31.988 25.0057 97.8691 7.4 0.89
2014 08 05 00 54 52.001 27.1056 103.3894 4.5 0.99
2014 08 05 00 56 16.916 24.9752 97.7841 8.1 0.54
2014 08 05 00 58 07.648 25.4568 98.4280 48.3 1.22
2014 08 05 00 58 32.089 27.1631 103.3298 0.0 1.59
2014 08 05 00 59 37.862 24.9698 97.7785 7.5 1.18
2014 08 05 01 01 18.360 24.8912 98.0685 0.0 1.45
2014 08 05 01 06 46.052 24.9705 97.7811 7.4 1.28
2014 08 05 01 07 53.193 27.0329 103.3910 7.0 1.93
2014 08 05 01 09 09.190 27.1498 103.3726 15.6 1.15
2014 08 05 01 10 12.082 27.1433 103.3645 15.7 0.82
2014 08 05 01 19 48.714 25.0057 97.8486 7.0 1.72
2014 08 05 01 30 32.454 27.1087 103.3628 0.0 2.51
2014 08 05 01 32 39.199 27.0961 103.3703 10.4 1.38
2014 08 05 01 32 53.361 24.9500 104.7024 18.6 -9999.0
2014 08 05 01 43 07.037 27.0863 103.3836 1.7 2.81
2014 08 05 01 43 51.180 27.1141 103.3415 0.0 3.2
2014 08 05 01 46 48.619 25.5767 98.0804 50.0 1.74
2014 08 05 01 54 16.758 24.8009 98.0029 23.1 0.42
2014 08 05 01 57 08.212 27.0017 103.4488 12.4 2.12
2014 08 05 01 58 06.866 26.0655 98.5630 34.9 1.88
2014 08 05 01 59 21.994 27.1139 103.3640 16.4 1.3
2014 08 05 02 05 04.315 24.9780 97.8558 4.9 0.93
2014 08 05 02 07 50.633 27.1083 103.3441 0.0 1.96
2014 08 05 02 09 15.614 27.1686 101.1379 26.8 1.17
2014 08 05 02 22 35.086 25.0758 100.0242 0.0 1.42
2014 08 05 02 23 35.548 27.1133 103.3612 11.2 1.07
2014 08 05 02 23 58.300 24.9735 97.8409 7.9 0.5
2014 08 05 02 24 32.873 24.9909 97.8543 4.3 0.8
2014 08 05 02 24 49.724 25.3424 99.7823 6.7 1.25
2014 08 05 02 31 37.265 27.0992 103.3807 19.2 1.17
2014 08 05 02 32 52.474 27.1538 103.3285 1.0 2.07
2014 08 05 02 35 52.323 25.0697 100.0271 0.0 1.57
2014 08 05 02 36 14.268 24.9805 97.7804 8.0 0.67
2014 08 05 02 37 00.534 27.0660 103.3893 17.8 1.42
2014 08 05 02 38 31.334 24.9910 97.7731 11.6 0.83
2014 08 05 02 40 25.270 27.1082 103.3486 0.1 2.25
2014 08 05 02 40 26.639 25.5242 99.0972 0.5 0.76
2014 08 05 02 42 44.782 27.0504 103.4113 3.9 1.34
2014 08 05 02 47 42.944 25.1690 97.9506 12.5 0.82
2014 08 05 02 47 56.089 27.1266 103.3696 0.0 2.07
2014 08 05 02 49 53.804 24.9718 97.7833 6.5 0.72
2014 08 05 02 56 00.209 27.1007 103.3819 13.5 1.27
2014 08 05 02 58 14.764 27.1279 103.3515 14.3 1.63
2014 08 05 02 58 26.898 27.0948 103.3085 0.0 1.67
2014 08 05 03 00 49.848 27.0973 103.3337 2.1 1.38
2014 08 05 03 02 45.637 27.1093 103.3479 0.0 1.93
2014 08 05 03 02 51.996 25.7328 99.5777 36.7 0.88
2014 08 05 03 03 39.975 27.0748 103.3946 10.8 1.07
2014 08 05 03 11 52.608 26.8821 100.7615 22.4 0.97
2014 08 05 03 13 35.833 25.0203 97.8609 6.0 1.03
2014 08 05 03 14 23.275 26.8749 100.7368 25.0 0.77
2014 08 05 03 16 41.868 27.1099 103.3791 0.0 0.8
2014 08 05 03 17 41.640 27.0999 103.3832 16.5 1.08
2014 08 05 03 23 13.279 27.0923 103.3716 0.0 1.54
2014 08 05 03 24 08.772 27.1036 103.3754 23.6 1.45
2014 08 05 03 32 50.618 25.0273 97.7742 5.2 1.03
2014 08 05 03 38 35.564 27.1149 103.3455 13.0 0.88
2014 08 05 03 40 17.637 25.3220 99.7701 9.1 1.04
2014 08 05 03 41 10.355 27.1488 103.2682 18.9 0.95
2014 08 05 03 42 56.966 24.6282 103.0307 17.4 1.86
2014 08 05 03 43 33.731 27.1297 103.3532 17.8 1.13
2014 08 05 03 49 34.293 25.0647 97.8492 0.0 1.4
2014 08 05 03 56 54.610 25.2157 102.5867 4.6 0.15
2014 08 05 04 00 35.726 27.1683 103.2702 18.1 1.6
2014 08 05 04 03 47.515 27.1015 103.3623 3.6 1.62
2014 08 05 04 04 10.876 25.1242 103.9156 13.9 1.6
2014 08 05 04 04 38.267 27.1246 103.4129 11.5 1.2
2014 08 05 04 04 58.199 24.7864 97.7012 0.0 0.81
2014 08 05 04 09 48.087 24.9934 97.8809 6.8 0.81
2014 08 05 04 14 42.276 27.1551 103.3584 17.7 1.28
2014 08 05 04 15 09.183 27.1180 103.3707 17.6 1.6
2014 08 05 04 17 06.748 27.5681 103.5399 16.5 1.36
2014 08 05 04 18 17.218 25.0421 97.7921 0.3 -9999.0
2014 08 05 04 23 13.527 27.3336 103.1203 0.0 1.33
2014 08 05 04 23 46.181 27.1482 103.3607 16.7 1.27
2014 08 05 04 28 37.553 27.1400 103.3426 14.0 1.3
2014 08 05 04 29 54.924 27.1407 103.3317 0.0 1.73
2014 08 05 04 31 36.039 24.9040 98.1436 4.0 0.94
2014 08 05 04 44 55.478 24.7224 98.1757 0.0 0.7
2014 08 05 04 52 15.530 27.1036 103.3323 1.6 1.59
2014 08 05 04 54 46.218 27.1145 103.3414 10.7 0.99
2014 08 05 04 59 48.484 27.1231 103.3294 11.7 1.2
2014 08 05 05 00 28.721 27.1201 103.3559 9.9 0.72
2014 08 05 05 10 48.672 27.2937 103.2346 17.6 1.41
2014 08 05 05 14 37.667 27.0965 103.2733 0.0 3.27
2014 08 05 05 21 48.942 27.1734 103.1358 31.5 1.22
2014 08 05 05 32 50.013 27.0770 103.3908 7.5 1.86
2014 08 05 05 35 28.456 27.1339 103.3527 17.1 0.79
2014 08 05 05 35 08.407 29.2300 95.8448 33.9 2.22
2014 08 05 05 35 43.655 27.1029 103.3523 0.3 0.89
2014 08 05 05 38 15.306 27.1134 103.3184 9.0 0.63
2014 08 05 05 39 07.912 27.1236 103.2415 18.1 1.36
2014 08 05 05 52 33.306 27.1809 103.2583 17.9 1.63
2014 08 05 05 54 44.584 27.1254 103.3778 15.9 1.46
2014 08 05 05 58 54.691 27.1313 103.3359 21.1 1.8
2014 08 05 06 00 46.287 27.1398 103.3146 13.9 0.94
2014 08 05 06 01 19.953 24.9685 97.7780 7.7 0.94
2014 08 05 06 02 01.382 25.0359 97.8781 0.0 0.94
2014 08 05 06 02 34.449 24.9670 97.8921 11.3 0.83
2014 08 05 06 13 17.811 25.1221 102.8187 8.0 0.33
2014 08 05 06 20 54.931 27.0991 103.3498 0.0 3.48
2014 08 05 06 31 15.751 26.5285 102.9378 41.1 1.57
2014 08 05 06 42 15.748 27.1269 103.3257 15.0 1.56
2014 08 05 06 45 02.093 27.3058 103.2686 39.3 1.1
2014 08 05 06 52 25.868 27.0835 103.3890 0.8 2.49
2014 08 05 06 59 05.055 27.0790 103.2873 0.0 1.54
2014 08 05 07 00 30.877 27.0732 103.3880 0.1 1.93
2014 08 05 07 03 25.831 27.2393 103.2877 14.4 1.39
2014 08 05 07 06 16.440 27.1060 103.3053 9.9 1.71
2014 08 05 07 08 32.460 24.9804 97.8589 6.9 1.48
2014 08 05 07 15 29.855 27.1862 103.2750 19.2 1.54
2014 08 05 07 18 23.786 27.1002 103.3368 11.3 1.45
2014 08 05 07 21 42.785 27.0288 103.4085 0.0 2.23
2014 08 05 07 24 11.045 25.0432 97.8231 3.9 0.63
2014 08 05 08 00 12.166 24.4693 98.2422 18.2 1.7
2014 08 05 08 00 43.236 25.0006 97.7650 9.0 nan
2014 08 05 08 00 43.389 27.2285 103.2735 23.5 2.02
2014 08 05 08 29 34.615 27.1185 103.3825 10.4 3.76
2014 08 05 08 37 01.268 22.6476 100.3419 45.0 1.76
2014 08 05 08 49 49.370 24.9964 97.8525 9.9 1.61
2014 08 05 08 52 04.988 27.0683 103.4004 9.5 2.03
2014 08 05 09 01 50.533 27.1031 103.3824 19.7 1.61
2014 08 05 09 20 07.080 27.1241 103.3792 0.0 3.09
2014 08 05 09 23 39.169 25.0141 97.8501 7.4 1.46
2014 08 05 09 24 11.055 28.0427 101.1862 25.8 1.24
2014 08 05 09 30 48.363 25.5295 100.0135 9.0 1.03
2014 08 05 09 42 11.485 27.1005 103.3742 0.0 2.07
2014 08 05 09 44 31.620 28.0151 101.4548 0.8 2.05
2014 08 05 10 04 14.963 27.1020 103.3419 0.0 2.59
2014 08 05 11 01 55.032 27.1183 103.3076 16.7 1.05
2014 08 05 11 06 05.729 27.1141 103.3863 0.0 2.18
2014 08 05 11 13 01.843 27.1036 103.3190 0.0 2.69
2014 08 05 11 14 05.867 23.9788 97.9588 17.4 1.99
2014 08 05 11 15 17.591 27.1209 103.3347 0.0 2.3
2014 08 05 11 15 44.790 24.9599 97.7844 8.3 1.91
2014 08 05 11 17 26.322 27.0112 103.4108 14.1 1.31
2014 08 05 11 20 45.389 24.6523 97.7664 5.6 1.0
2014 08 05 11 24 46.216 27.1311 103.3684 4.3 2.14
2014 08 05 11 40 19.295 27.0178 100.7924 1.9 1.49
2014 08 05 11 40 58.792 27.1002 103.3790 9.5 1.39
2014 08 05 11 47 40.579 24.9565 105.4370 0.3 2.09
2014 08 05 12 19 41.836 27.0947 103.3439 15.1 1.73
2014 08 05 12 20 03.632 27.0192 103.4199 10.4 1.68
2014 08 05 12 22 53.705 27.0906 103.3853 16.3 1.52
2014 08 05 12 24 37.909 26.3608 104.0974 35.0 1.95
2014 08 05 12 25 55.778 26.8890 103.4212 20.8 1.54
2014 08 05 12 27 58.182 26.6178 101.7515 12.1 1.37
2014 08 05 12 37 27.844 27.0992 103.3238 0.0 1.99
2014 08 05 12 37 49.005 25.0008 97.8731 7.9 1.53
2014 08 05 12 42 06.216 26.9419 103.3737 25.1 1.41
2014 08 05 12 49 20.220 27.1083 103.3470 15.6 1.58
2014 08 05 13 09 22.091 23.9150 102.2786 0.0 2.03
2014 08 05 13 14 44.050 27.1003 102.1269 34.9 1.44
2014 08 05 13 22 05.319 26.2160 99.9408 17.2 0.9
2014 08 05 13 22 45.440 27.0941 103.3839 12.9 1.66
2014 08 05 13 33 15.614 27.1018 103.3269 2.5 2.04
2014 08 05 13 33 57.074 27.0175 103.3522 27.1 1.37
2014 08 05 13 35 02.966 27.0479 103.4082 12.5 1.59
2014 08 05 13 36 16.501 25.1673 102.4701 13.7 0.89
2014 08 05 14 05 06.879 27.1272 103.3598 6.5 1.73
2014 08 05 14 13 58.592 27.0462 103.4216 16.4 1.64
2014 08 05 14 33 10.418 25.0521 97.8249 2.0 1.2
2014 08 05 14 33 10.950 27.1113 103.4040 6.2 2.01
2014 08 05 14 35 13.176 25.0237 97.8137 5.0 -9999.0
2014 08 05 14 52 10.296 27.0206 103.4011 12.5 1.64
2014 08 05 14 55 17.729 27.0847 103.3914 0.0 3.45
2014 08 05 15 05 17.663 26.0879 103.4261 2.1 1.31
2014 08 05 15 06 03.428 27.1092 103.3643 13.8 1.83
2014 08 05 15 31 41.804 27.0444 103.4173 8.3 1.73
2014 08 05 15 51 05.196 27.1064 103.3017 12.8 1.7
2014 08 05 15 59 03.345 27.1008 103.3830 17.3 1.83
2014 08 05 16 06 18.636 27.0996 103.2847 0.0 2.38
2014 08 05 17 10 11.649 27.0588 103.4041 0.0 2.12
2014 08 05 17 29 59.262 27.1577 103.3239 32.4 1.5
2014 08 05 17 30 09.608 27.0469 103.4152 18.6 1.77
2014 08 05 17 31 32.145 27.1383 103.3371 25.2 2.17
2014 08 05 17 42 15.080 25.0152 101.6978 13.0 2.87
2014 08 05 17 43 06.975 26.1980 99.9634 38.3 1.98
2014 08 05 17 44 02.471 26.5794 100.0172 9.1 1.46
2014 08 05 17 51 22.203 27.1026 103.3519 0.0 2.5
2014 08 05 17 54 02.793 24.8459 100.7551 15.6 1.52
2014 08 05 18 22 54.569 22.8759 107.0772 32.5 2.13
2014 08 05 18 23 10.047 27.1091 103.3260 12.5 1.7
2014 08 05 18 40 34.265 27.0544 103.4032 0.0 3.13
2014 08 05 18 40 41.116 23.9124 100.9277 31.6 1.38
2014 08 05 19 14 19.075 27.2045 103.3238 15.4 1.6
2014 08 05 19 14 47.326 27.1095 103.2457 0.0 3.0
2014 08 05 19 21 53.817 24.9368 97.8168 5.0 1.19
2014 08 05 19 22 05.616 27.0940 103.2456 0.1 2.16
2014 08 05 19 24 13.223 25.0193 97.8673 5.7 2.46
2014 08 05 19 30 35.333 27.1123 103.3808 0.0 2.38
2014 08 05 20 24 15.125 27.0980 103.4001 17.0 1.29
2014 08 05 20 26 16.290 26.8821 103.3706 22.4 1.45
2014 08 05 20 32 19.317 27.0923 103.4127 20.2 1.46
2014 08 05 21 08 20.277 27.0620 103.4066 9.5 1.7
2014 08 05 21 11 27.822 26.9666 103.2465 29.7 1.52
2014 08 05 21 14 18.600 26.9878 103.4318 18.8 1.44
2014 08 05 21 52 31.861 27.1777 103.3244 9.2 1.73
2014 08 05 21 56 21.399 25.4754 101.9170 11.1 2.07
2014 08 05 22 12 39.147 27.1056 103.3397 11.4 1.47
2014 08 05 22 22 01.788 27.1090 103.3520 0.0 2.16
2014 08 05 22 44 14.919 25.0267 97.7816 0.0 1.71
2014 08 05 22 45 22.460 27.1110 103.2832 15.8 1.46
2014 08 05 22 48 06.073 26.8720 103.1088 7.5 1.45
2014 08 05 22 49 49.555 26.9219 103.7540 0.0 1.72
2014 08 05 22 50 48.728 27.0522 103.4053 0.0 1.69
2014 08 05 22 53 39.757 25.0641 97.8493 0.0 1.45
2014 08 05 22 56 09.251 27.3286 103.4165 16.0 1.15
2014 08 05 22 56 38.347 27.1125 103.3780 0.0 2.01
2014 08 05 22 57 20.850 27.1052 103.3062 0.0 1.77
2014 08 05 22 58 50.393 27.0832 103.2635 0.1 1.44
2014 08 05 23 24 23.591 27.0935 103.3708 0.0 2.32
2014 08 05 23 25 08.609 27.1235 103.3522 17.4 1.4
2014 08 05 23 33 17.294 27.0996 103.3385 0.0 1.81
2014 08 05 23 47 36.288 24.9719 97.7781 8.3 1.21
2014 08 05 23 48 15.177 27.1123 103.3223 14.6 1.65
2014 08 06 00 03 46.060 27.0951 103.3083 0.0 1.59
2014 08 06 00 04 08.171 27.1017 103.3849 0.0 1.49
2014 08 06 00 05 32.101 24.9602 97.8655 3.9 0.96
2014 08 06 00 11 34.086 25.5047 101.9345 10.7 1.61
2014 08 06 00 12 36.215 27.1788 103.6239 22.7 0.3
2014 08 06 00 15 12.471 27.1060 103.3046 11.6 1.3
2014 08 06 00 18 21.854 24.9967 97.8517 9.4 0.69
2014 08 06 00 19 37.639 27.1011 103.3202 0.0 2.51
2014 08 06 00 25 39.461 27.0996 103.3354 5.3 2.05
2014 08 06 00 36 20.236 27.0524 103.4031 15.0 1.34
2014 08 06 00 38 08.855 27.1098 103.3760 9.5 0.68
2014 08 06 00 46 36.360 27.1062 103.4033 8.4 0.69
2014 08 06 00 53 25.935 27.1038 103.3854 14.6 0.93
2014 08 06 00 54 16.084 27.1134 103.3890 12.5 0.73
2014 08 06 01 13 04.220 24.9816 97.8669 10.5 0.46
2014 08 06 01 13 35.059 27.0337 103.3988 0.0 1.68
2014 08 06 01 15 03.255 24.9768 97.8427 10.5 2.31
2014 08 06 01 15 42.286 22.9840 99.4816 39.6 1.72
2014 08 06 01 17 10.636 27.3137 103.3268 32.3 1.23
2014 08 06 01 19 09.576 27.0809 103.3830 15.7 0.9
2014 08 06 01 26 52.042 27.0731 103.3882 14.8 1.27
2014 08 06 01 28 31.513 27.1120 103.3771 12.8 0.7
2014 08 06 01 28 57.514 27.1749 103.1517 13.9 0.98
2014 08 06 01 30 55.605 24.9721 97.8474 8.1 1.45
2014 08 06 01 35 28.782 27.0770 103.4313 22.6 0.68
2014 08 06 01 36 42.903 27.0775 103.3608 14.5 1.7
2014 08 06 01 38 02.748 25.3266 101.7848 15.5 0.97
2014 08 06 01 50 51.086 27.1097 103.3337 17.4 1.52
2014 08 06 01 56 43.248 27.0965 103.3667 0.0 2.6
2014 08 06 02 03 07.889 27.1041 103.3504 0.1 1.56
2014 08 06 02 03 21.178 27.0924 103.3786 14.1 -9999.0
2014 08 06 02 04 11.908 27.0821 103.3874 6.6 1.05
2014 08 06 02 07 24.581 24.9479 97.8133 5.2 0.33
2014 08 06 02 09 12.757 27.0677 103.3994 15.2 1.15
2014 08 06 02 09 46.911 27.1193 103.3780 16.2 0.67
2014 08 06 02 11 04.368 24.9556 97.8386 6.7 0.43
2014 08 06 02 16 09.879 27.1067 103.3689 0.0 1.85
2014 08 06 02 17 14.796 27.1716 103.5376 12.8 1.0
2014 08 06 02 18 13.608 27.0434 103.4182 16.7 1.05
2014 08 06 02 27 21.889 27.1097 103.3428 14.6 1.51
2014 08 06 02 33 41.582 26.9678 103.4100 20.6 0.75
2014 08 06 02 34 28.358 27.0696 103.3959 10.6 1.0
2014 08 06 02 34 42.126 27.1162 103.3784 16.8 1.01
2014 08 06 02 35 32.877 27.0880 103.3695 27.5 2.28
2014 08 06 02 57 41.481 27.9013 101.0730 18.1 1.28
2014 08 06 02 57 48.101 27.0012 103.4336 16.9 1.66
2014 08 06 02 59 26.233 26.9964 103.4155 13.1 1.3
2014 08 06 03 01 58.998 27.9601 101.4337 49.7 0.91
2014 08 06 03 05 13.379 27.0300 103.4043 0.0 1.14
2014 08 06 03 05 38.654 27.0573 103.4117 16.3 1.18
2014 08 06 03 07 13.877 27.1071 103.3703 12.2 0.58
2014 08 06 03 07 41.280 27.0195 103.4192 16.1 1.28
2014 08 06 03 15 36.507 27.1003 103.4002 24.2 0.4
2014 08 06 03 16 12.418 27.1068 103.3301 14.0 1.12
2014 08 06 03 18 36.435 27.1177 103.3821 4.2 0.75
2014 08 06 03 24 13.491 27.1034 103.3467 10.3 1.17
2014 08 06 03 27 15.009 27.1163 103.3880 10.1 1.14
2014 08 06 03 27 28.663 27.0390 103.4179 14.7 1.32
2014 08 06 03 27 46.811 27.0404 103.4139 13.4 2.09
2014 08 06 03 29 31.527 27.0998 103.3579 10.2 0.99
2014 08 06 03 38 08.086 27.0555 103.4168 16.4 1.32
2014 08 06 03 40 13.540 27.2060 103.2239 18.9 1.49
2014 08 06 03 40 51.249 27.0140 103.3893 21.1 1.27
2014 08 06 03 45 28.146 27.1224 103.3683 15.4 1.71
2014 08 06 03 47 02.573 27.0879 103.3943 16.2 1.02
2014 08 06 03 56 19.429 27.1104 101.1122 21.6 0.96
2014 08 06 03 56 35.143 24.9907 97.9027 10.6 0.49
2014 08 06 03 56 51.849 27.2628 103.5757 21.7 1.48
2014 08 06 03 57 01.173 27.1105 103.2476 13.5 2.04
2014 08 06 04 02 52.337 24.9654 97.7799 6.5 0.21
2014 08 06 04 02 52.890 27.0991 103.3472 10.8 1.43
2014 08 06 04 14 49.217 27.0960 103.3617 18.7 0.91
2014 08 06 04 16 28.249 25.0413 97.8670 8.0 0.82
2014 08 06 04 34 02.647 26.9751 103.4461 21.4 0.81
2014 08 06 04 34 52.380 27.1226 103.3623 8.5 1.66
2014 08 06 04 36 24.810 27.0700 103.3996 12.0 1.23
2014 08 06 04 38 27.656 27.1408 103.4252 17.9 -9999.0
2014 08 06 04 40 33.074 27.2276 100.4053 13.2 1.25
2014 08 06 04 41 01.718 26.9248 103.7950 13.9 1.26
2014 08 06 04 41 29.416 27.1229 103.3690 9.5 1.23
2014 08 06 04 42 23.359 27.3990 103.4766 26.7 0.58
2014 08 06 04 51 11.088 25.0175 97.8738 8.5 0.59
2014 08 06 04 52 06.114 26.8403 103.3830 12.2 0.72
2014 08 06 04 52 14.159 27.0455 103.4027 24.9 1.03
2014 08 06 04 52 13.142 25.4442 100.1933 23.7 -0.09
2014 08 06 04 56 36.571 27.0989 103.3633 0.0 2.49
2014 08 06 05 00 07.584 27.0861 103.2427 26.1 1.47
2014 08 06 05 01 01.923 27.1649 103.2079 25.2 0.83
2014 08 06 05 01 19.585 27.1428 103.2538 29.2 0.67
2014 08 06 05 10 24.785 27.0759 103.3826 0.0 2.09
2014 08 06 05 12 27.986 27.0836 103.3723 0.0 1.9
2014 08 06 05 12 55.607 26.4772 100.7354 41.9 0.81
2014 08 06 05 18 13.885 27.0511 103.4078 16.7 0.69
2014 08 06 05 18 56.282 24.9788 97.7462 8.8 0.97
2014 08 06 05 24 36.344 27.1074 103.3482 13.6 1.48
2014 08 06 05 25 32.466 24.9636 97.8261 9.3 0.34
2014 08 06 05 35 34.298 27.1287 103.3337 16.7 1.3
2014 08 06 05 38 06.545 27.1034 103.4131 0.0 0.71
2014 08 06 05 46 41.629 27.1124 103.3377 7.0 0.92
2014 08 06 05 48 38.790 24.9850 97.7887 8.6 0.56
2014 08 06 05 49 09.983 25.0401 97.8366 11.3 1.01
2014 08 06 05 49 46.357 27.0967 103.3226 20.6 0.8
2014 08 06 05 50 00.633 25.0640 97.8773 0.0 1.37
2014 08 06 05 50 35.097 25.0230 97.8614 8.2 0.98
2014 08 06 05 51 50.439 27.1239 103.3815 15.2 0.77
2014 08 06 05 53 23.975 25.0042 97.8502 6.9 2.44
2014 08 06 06 10 21.430 27.1132 103.3650 3.3 1.38
2014 08 06 06 12 47.404 27.0925 103.3551 3.7 1.03
2014 08 06 06 13 43.911 27.0790 103.3282 19.7 -9999.0
2014 08 06 06 13 51.299 25.0312 97.6189 0.0 -9999.0
2014 08 06 06 33 52.501 27.1013 103.3488 10.4 3.84
2014 08 06 06 35 12.165 27.1013 103.3468 10.5 2.24
2014 08 06 06 36 13.520 27.0984 103.2401 1.9 2.45
2014 08 06 06 57 36.656 27.0841 103.3516 11.4 1.73
2014 08 06 06 58 45.915 25.0507 97.8388 0.9 0.93
2014 08 06 07 00 10.106 27.0382 103.3382 0.0 1.47
2014 08 06 07 00 23.425 27.1018 103.3503 10.5 2.2
2014 08 06 07 01 28.475 25.8594 100.5951 9.9 -0.22
2014 08 06 07 11 44.777 27.1004 103.3615 8.3 1.39
2014 08 06 07 13 27.491 27.1045 103.3534 14.8 1.14
2014 08 06 07 17 26.221 27.1038 103.3483 12.6 1.63
2014 08 06 07 19 59.077 27.0795 103.3759 26.9 2.81
2014 08 06 07 40 43.923 24.9713 97.7745 7.8 1.22
2014 08 06 07 43 17.169 25.0190 97.8460 0.0 1.68
2014 08 06 07 58 13.798 27.1124 103.3722 12.6 1.52
2014 08 06 08 00 54.308 27.1220 103.3605 20.1 1.24
2014 08 06 08 04 33.000 27.1261 103.2336 23.8 1.44
2014 08 06 08 05 18.524 27.1139 103.2371 1.4 2.91
2014 08 06 08 11 59.434 27.0836 103.4010 5.0 1.67
2014 08 06 08 13 04.074 26.9715 103.4658 20.9 1.49
2014 08 06 08 13 45.836 27.1009 103.3759 20.0 1.32
2014 08 06 08 29 56.533 27.1032 103.3001 12.8 2.07
2014 08 06 08 31 49.962 24.2481 98.9635 11.2 1.99
2014 08 06 08 58 48.180 27.2107 103.1811 19.8 2.86
2014 08 06 09 01 56.186 25.0033 97.7604 11.3 1.78
2014 08 06 09 13 55.217 27.0826 103.3698 20.7 1.11
2014 08 06 09 14 14.389 26.6943 103.3956 0.0 1.43
2014 08 06 10 06 32.299 27.0897 103.3774 4.2 2.19
2014 08 06 10 13 12.128 27.0945 103.3871 13.7 1.61
2014 08 06 10 21 02.030 27.0991 103.3526 8.3 1.48
2014 08 06 10 25 21.070 27.1077 103.3074 13.3 1.56
2014 08 06 10 46 53.763 25.0320 97.8577 7.7 2.09
2014 08 06 10 49 48.120 27.1341 103.3937 12.5 1.72
2014 08 06 10 55 41.935 27.1156 103.3579 15.6 1.74
2014 08 06 10 58 47.131 25.0849 102.7333 25.1 1.31
2014 08 06 11 12 44.633 24.9670 97.7803 7.9 1.75
2014 08 06 11 15 00.437 27.0419 103.3897 12.3 1.82
2014 08 06 11 21 23.347 27.0854 103.3609 17.1 1.6
2014 08 06 11 43 44.571 27.1077 103.3498 12.5 1.76
2014 08 06 11 52 56.529 27.1408 103.3748 13.7 1.64
2014 08 06 12 02 16.118 26.3910 100.5738 43.8 1.31
2014 08 06 12 07 16.898 23.0767 100.7837 30.9 1.57
2014 08 06 12 14 45.617 24.9595 97.8573 6.2 1.56
2014 08 06 12 18 14.732 24.9722 97.8627 4.9 1.3
2014 08 06 12 18 59.316 25.0107 97.8877 5.4 1.16
2014 08 06 12 22 38.909 27.1089 103.3720 15.4 1.63
2014 08 06 12 23 06.379 27.1228 103.3693 12.5 1.94
2014 08 06 12 28 56.182 23.1304 104.0560 13.7 1.97
2014 08 06 12 30 19.190 27.1166 103.3400 13.6 1.72
2014 08 06 12 50 31.412 23.9221 102.2491 0.0 1.94
2014 08 06 12 52 09.495 23.2553 103.6095 0.1 1.83
2014 08 06 12 54 24.647 24.9859 97.8680 5.1 1.64
2014 08 06 13 20 16.947 27.1177 103.3838 11.5 1.69
2014 08 06 13 21 08.456 27.1226 103.3253 14.6 1.37
2014 08 06 13 22 52.773 24.8682 97.9417 12.2 1.56
2014 08 06 13 38 44.413 27.0557 103.3986 13.5 1.48
2014 08 06 13 39 53.288 25.0507 97.8735 8.3 2.25
2014 08 06 13 51 03.885 27.0984 103.3677 10.6 2.92
2014 08 06 13 52 46.039 27.1053 103.2401 31.5 0.97
2014 08 06 13 53 53.977 27.1716 102.5893 49.9 1.9
2014 08 06 14 18 08.192 27.1151 103.2870 12.5 2.0
2014 08 06 14 19 30.750 27.0911 103.3957 13.0 1.59
2014 08 06 14 56 22.557 27.0457 103.4135 11.8 2.11
2014 08 06 14 57 02.880 26.8905 99.9252 0.0 1.59
2014 08 06 14 59 09.339 26.9982 103.4172 13.2 1.99
2014 08 06 15 13 55.446 27.1044 103.3023 8.4 1.78
2014 08 06 15 34 17.475 25.0658 97.8476 4.2 1.3
2014 08 06 15 34 31.563 27.1153 103.3681 13.8 1.97
2014 08 06 15 44 48.066 25.0644 97.8500 0.0 1.72
2014 08 06 16 14 41.125 26.9979 103.4026 14.4 1.1
2014 08 06 16 15 13.275 24.9692 97.8651 0.0 2.23
2014 08 06 16 17 52.333 24.5387 104.2385 33.5 3.08
2014 08 06 17 20 25.134 27.1084 103.3584 12.9 2.28
2014 08 06 17 20 58.977 27.1153 103.3702 12.0 1.53
2014 08 06 17 22 13.566 27.2396 103.3136 0.0 1.29
2014 08 06 17 41 41.902 27.0924 103.3916 12.3 2.33
2014 08 06 18 20 37.566 27.0981 103.3651 12.0 1.75
2014 08 06 18 28 11.537 27.1056 103.3745 12.0 2.33
2014 08 06 18 28 59.163 25.8420 100.5350 6.2 1.66
2014 08 06 18 56 31.966 25.6940 99.9561 16.2 0.78
2014 08 06 18 57 03.383 27.1083 103.3483 18.6 1.71
2014 08 06 19 00 04.614 23.9841 101.5985 44.9 1.24
2014 08 06 19 14 49.391 23.4519 104.7697 48.9 2.26
2014 08 06 19 17 42.567 27.0703 103.3960 10.8 2.07
2014 08 06 19 17 32.328 23.4500 103.7526 9.4 1.76
2014 08 06 19 44 42.347 27.1050 103.3696 14.4 1.28
2014 08 06 19 45 33.781 27.1213 103.3941 13.3 1.88
2014 08 06 19 46 19.347 25.4674 100.0948 11.3 0.35
2014 08 06 19 50 55.998 27.0763 103.3996 8.3 1.42
2014 08 06 20 03 44.759 27.0840 103.3823 21.8 1.62
2014 08 06 20 08 29.917 27.1764 103.2881 10.4 2.48
2014 08 06 20 18 29.289 27.1034 103.4249 16.7 2.16
2014 08 06 20 19 27.293 27.1026 103.4260 16.7 2.05
2014 08 06 20 23 15.246 24.9692 97.8401 7.7 1.24
2014 08 06 20 37 08.171 26.8622 103.4226 13.9 1.35
2014 08 06 20 46 54.795 26.8995 103.3819 4.4 0.88
2014 08 06 20 47 30.450 27.0118 103.2346 18.7 1.41
2014 08 06 20 47 43.668 24.9200 97.8218 8.2 1.22
2014 08 06 20 49 39.309 27.0715 103.4144 4.9 1.24
2014 08 06 20 52 58.896 27.0811 103.3796 10.8 1.9
2014 08 06 21 00 37.799 23.9894 102.6995 14.5 1.5
2014 08 06 21 04 08.201 25.0518 97.9193 0.0 1.36
2014 08 06 21 09 08.161 27.0326 103.3248 23.9 1.0
2014 08 06 21 10 03.389 27.0163 103.2859 19.7 1.17
2014 08 06 21 11 35.551 27.0312 103.3739 21.1 0.87
2014 08 06 21 31 12.117 27.0302 103.4066 11.2 1.83
2014 08 06 21 35 24.816 27.1152 103.3734 15.2 1.14
2014 08 06 21 35 34.015 26.2291 99.4316 10.5 0.84
2014 08 06 21 37 52.882 27.4335 103.7070 18.5 1.39
2014 08 06 21 39 34.004 27.0895 103.2847 10.1 0.88
2014 08 06 21 40 10.106 27.0727 103.3930 0.0 2.43
2014 08 06 21 40 39.586 25.9187 100.6571 0.1 0.87
2014 08 06 21 41 23.722 27.1039 103.4231 15.6 1.06
2014 08 06 21 42 40.769 27.2476 103.2821 9.0 1.12
2014 08 06 21 47 34.529 27.0838 103.3970 13.0 1.7
2014 08 06 21 50 03.389 27.1035 103.3707 11.0 3.27
2014 08 06 21 51 24.317 27.0890 103.2768 14.0 1.55
2014 08 06 21 55 12.868 27.1203 103.2856 0.0 1.43
2014 08 06 21 58 04.595 27.1237 103.3768 15.5 1.19
2014 08 06 21 59 29.279 27.0963 103.4091 5.6 1.15
2014 08 06 21 59 58.634 27.1121 103.3761 8.2 1.05
2014 08 06 22 03 55.005 24.9693 97.8361 7.8 1.44
2014 08 06 22 04 46.714 27.1750 103.4038 8.4 0.89
2014 08 06 22 05 25.517 24.6249 103.0231 14.6 1.65
2014 08 06 22 05 35.512 27.1801 103.3915 7.8 1.0
2014 08 06 22 08 38.177 27.1107 103.3661 13.2 1.22
2014 08 06 22 09 28.274 27.1173 103.3817 0.0 2.36
2014 08 06 22 09 50.879 25.0615 97.8959 0.0 1.31
2014 08 06 22 11 15.944 27.1016 103.3696 10.9 1.39
2014 08 06 22 12 56.046 27.1134 103.3033 14.0 1.63
2014 08 06 22 17 07.500 27.2174 103.4265 1.2 1.31
2014 08 06 22 24 53.990 27.2197 103.3311 20.5 0.93
2014 08 06 22 25 48.131 27.1046 103.3722 14.7 1.42
2014 08 06 22 35 53.526 24.9713 97.7783 8.9 0.97
2014 08 06 22 44 16.992 27.0946 103.3572 18.4 0.91
2014 08 06 22 47 30.152 27.1095 103.2902 10.7 1.92
2014 08 06 22 50 17.631 25.0177 97.8708 8.2 1.78
2014 08 06 22 50 37.587 27.1238 103.3917 12.8 1.21
2014 08 06 23 01 57.688 27.0933 103.3764 15.3 1.87
2014 08 06 23 03 50.152 27.1029 103.3719 0.0 1.81
2014 08 06 23 05 24.252 27.1171 103.1701 17.6 1.22
2014 08 06 23 09 28.571 25.0370 97.9131 6.2 1.33
2014 08 06 23 09 20.398 23.1451 105.1999 27.0 1.15
2014 08 06 23 10 03.775 27.1876 103.2675 13.7 1.1
2014 08 06 23 13 23.487 27.1105 103.3750 15.2 0.95
2014 08 06 23 19 28.066 27.0956 103.3768 13.9 1.47
2014 08 06 23 24 06.454 27.1055 103.3648 12.2 1.78
2014 08 06 23 25 20.375 27.0896 103.3717 15.5 1.01
2014 08 06 23 26 21.232 27.1272 103.3314 5.9 1.23
2014 08 06 23 30 19.821 27.0049 103.4190 11.9 1.8
2014 08 06 23 42 13.914 26.9793 103.4206 16.0 1.55
2014 08 06 23 48 15.859 27.1140 103.3750 5.2 1.04
2014 08 06 23 48 39.453 23.3588 99.5038 0.0 2.51
2014 08 06 23 54 30.068 27.1309 102.8830 18.3 1.31
2014 08 06 23 54 56.498 25.0246 97.7871 5.9 1.66
2014 08 06 23 58 48.165 27.1082 103.2977 10.4 1.13
2014 08 07 00 23 06.061 26.9962 103.4346 9.9 1.58
2014 08 07 00 35 10.475 25.0133 97.7596 6.9 0.96
2014 08 07 00 35 30.961 27.1664 103.3664 8.3 0.68
2014 08 07 00 37 02.086 27.1192 103.3364 10.3 1.52
2014 08 07 00 37 52.221 27.1207 103.3334 4.1 2.29
2014 08 07 00 39 20.029 26.9848 103.3649 21.7 0.85
2014 08 07 00 39 34.704 27.1184 103.3401 9.6 0.82
2014 08 07 00 42 27.663 27.1163 103.3388 7.8 1.25
2014 08 07 00 43 15.665 27.0907 103.3874 4.2 0.47
2014 08 07 00 45 45.783 26.9949 103.4147 13.5 -9999.0
2014 08 07 00 46 55.276 25.0425 97.8351 11.1 1.21
2014 08 07 00 48 14.147 26.9613 103.2591 22.3 1.08
2014 08 07 00 49 00.060 27.1252 103.3420 13.5 1.27
2014 08 07 00 49 26.815 27.1054 103.3976 15.3 0.73
2014 08 07 01 01 40.110 27.1041 103.3073 10.9 1.16
2014 08 07 01 03 29.719 26.9139 103.3358 1.5 1.04
2014 08 07 01 05 19.837 26.7784 103.3432 18.8 0.69
2014 08 07 01 05 24.241 24.9716 97.8316 10.1 1.09
2014 08 07 01 11 32.898 27.1211 103.3816 13.3 1.55
2014 08 07 01 25 57.401 27.0756 103.3757 19.4 0.72
2014 08 07 01 35 24.948 27.1074 103.3724 14.1 0.46
2014 08 07 01 36 44.311 27.1193 103.3987 11.4 0.52
2014 08 07 01 38 59.834 27.0932 103.3805 13.1 1.28
2014 08 07 01 41 21.106 27.0515 103.3440 20.1 0.56
2014 08 07 01 42 28.974 27.1168 103.3847 0.0 2.5
2014 08 07 01 44 55.090 27.0977 103.2875 6.1 1.14
2014 08 07 01 47 50.857 27.1177 103.3893 13.0 0.75
2014 08 07 01 49 18.493 27.1013 103.4220 1.2 0.72
2014 08 07 02 03 18.643 27.1108 103.3858 12.9 1.62
2014 08 07 02 03 56.851 26.9108 103.2617 35.0 1.3
2014 08 07 02 04 56.287 27.0272 103.3924 17.0 0.21
2014 08 07 02 07 20.849 27.0537 103.3711 24.4 -9999.0
2014 08 07 02 07 37.288 25.0073 97.6492 3.1 1.05
2014 08 07 02 08 00.195 27.1437 103.3613 0.0 1.39
2014 08 07 02 08 35.819 27.0731 103.4021 0.0 2.11
2014 08 07 02 10 34.116 27.1828 103.2932 15.9 0.62
2014 08 07 02 14 59.071 24.9989 97.8732 0.9 1.52
2014 08 07 02 17 54.013 26.8441 103.3993 16.7 0.64
2014 08 07 02 18 00.178 25.0419 97.8606 7.0 1.19
2014 08 07 02 18 47.532 24.9701 97.8258 7.8 2.17
2014 08 07 02 21 50.117 27.1143 103.2496 13.9 1.03
2014 08 07 02 22 48.958 26.9932 103.4098 15.0 1.41
2014 08 07 02 24 42.071 27.0164 103.1361 17.4 1.06
2014 08 07 02 29 17.276 24.9751 97.7789 8.7 0.99
2014 08 07 02 30 15.222 27.3994 102.5483 0.3 1.33
2014 08 07 02 31 40.595 27.2799 103.3932 11.1 0.87
2014 08 07 02 33 37.113 24.9938 97.7707 5.7 0.77
2014 08 07 02 33 39.911 27.0719 103.4015 12.2 1.42
2014 08 07 02 34 31.283 26.9661 103.4089 15.9 1.14
2014 08 07 02 42 53.587 27.0602 103.4257 6.9 0.98
2014 08 07 02 44 54.675 27.1034 103.4239 15.4 1.74
2014 08 07 02 46 22.151 26.9861 103.4200 16.2 1.3
2014 08 07 02 51 59.927 24.9831 97.8623 8.3 0.81
2014 08 07 02 56 24.851 27.0549 103.4067 11.2 0.78
2014 08 07 02 57 04.859 27.1056 103.2314 13.0 1.8
2014 08 07 02 58 22.286 26.7627 103.3059 26.9 0.78
2014 08 07 03 05 33.447 27.2050 103.6033 36.5 0.53
2014 08 07 03 06 04.512 27.1026 103.2955 9.9 1.02
2014 08 07 03 07 01.637 27.1065 103.2849 11.6 1.0
2014 08 07 03 09 24.458 27.1087 103.3236 11.1 0.93
2014 08 07 03 10 13.629 27.1109 103.4000 15.0 0.57
2014 08 07 03 12 44.083 27.0893 103.3492 20.5 0.81
2014 08 07 03 13 21.115 27.0446 103.4006 21.5 0.44
2014 08 07 03 14 02.089 25.0002 97.6098 26.7 0.81
2014 08 07 03 16 05.878 27.1103 103.3655 13.6 1.17
2014 08 07 03 16 37.338 27.0650 103.3974 15.1 0.71
2014 08 07 03 21 18.889 24.9847 97.8199 8.3 0.72
2014 08 07 03 21 26.899 26.9987 103.4229 14.7 0.93
2014 08 07 03 22 01.547 27.0886 103.3247 13.4 0.8
2014 08 07 03 25 05.113 27.0634 103.3770 18.8 0.69
2014 08 07 03 30 49.187 27.0853 103.3672 17.9 0.98
2014 08 07 03 33 42.053 27.1189 103.3931 13.9 0.55
2014 08 07 03 37 07.845 26.9986 103.4234 14.4 1.04
2014 08 07 03 38 56.775 27.1205 103.3880 12.7 1.61
2014 08 07 03 39 59.625 27.1061 103.2990 10.4 1.16
2014 08 07 03 40 23.951 26.8838 103.3922 16.8 1.16
2014 08 07 03 44 32.754 27.0965 103.3785 12.5 1.04
2014 08 07 03 48 44.107 26.9784 103.3393 27.4 0.65
2014 08 07 03 54 44.096 24.9577 97.7851 8.2 1.06
2014 08 07 04 00 54.551 27.1084 103.3620 16.5 0.85
2014 08 07 04 05 06.416 24.9685 97.8157 2.1 0.6
2014 08 07 04 05 59.526 27.0626 103.4000 13.7 1.02
2014 08 07 04 06 43.689 27.0454 103.4116 8.8 0.85
2014 08 07 04 08 22.093 27.1774 103.3367 5.1 1.5
2014 08 07 04 10 06.171 26.9205 103.3344 35.7 0.31
2014 08 07 04 18 24.573 24.9560 97.8616 4.6 1.28
2014 08 07 04 40 03.203 24.9824 97.8278 9.9 0.56
2014 08 07 04 40 23.540 27.1179 103.3521 11.2 1.36
2014 08 07 04 47 28.028 25.0214 97.8540 8.5 1.39
2014 08 07 04 49 24.942 27.0899 103.3912 10.5 0.67
2014 08 07 04 53 24.377 27.1181 103.3792 9.9 0.82
2014 08 07 04 53 31.185 25.0253 97.8548 7.4 1.02
2014 08 07 04 53 43.390 25.3183 100.8221 2.6 2.34
2014 08 07 04 54 20.761 24.6084 98.5503 6.5 1.07
2014 08 07 04 55 29.669 27.1207 103.8488 14.7 0.76
2014 08 07 05 11 08.061 27.1134 103.3608 18.8 0.8
2014 08 07 05 11 56.505 23.3683 100.0547 7.5 1.37
2014 08 07 05 12 41.797 27.1379 103.3210 12.5 0.6
2014 08 07 05 14 29.979 26.9487 103.4551 22.5 1.13
2014 08 07 05 19 06.182 27.2021 103.2598 2.5 0.56
2014 08 07 05 19 43.279 27.0898 103.3673 19.0 0.75
2014 08 07 05 20 26.390 27.1212 103.3986 13.9 1.32
2014 08 07 05 38 55.815 27.0539 103.4036 14.8 1.18
2014 08 07 05 41 15.251 27.1155 103.3655 14.4 0.83
2014 08 07 05 41 33.103 26.7121 103.3680 46.9 1.4
2014 08 07 05 43 25.351 25.0024 97.7718 5.7 1.12
2014 08 07 05 43 44.907 25.0083 97.8561 5.0 1.09
2014 08 07 05 50 19.739 24.9955 97.8583 8.7 0.75
2014 08 07 05 51 28.562 27.1025 103.3762 11.9 1.17
2014 08 07 05 52 16.935 27.1187 103.3794 10.3 3.04
2014 08 07 05 53 44.234 27.1134 103.3372 10.7 1.94
2014 08 07 05 54 24.179 27.8612 102.9663 0.0 2.27
2014 08 07 05 56 33.168 24.9766 97.8953 6.1 1.04
2014 08 07 05 57 20.477 25.0085 97.8779 13.9 0.9
2014 08 07 06 08 33.998 27.0807 103.1806 12.3 1.54
2014 08 07 06 10 50.734 27.1007 103.3525 11.3 1.56
2014 08 07 07 12 23.526 27.1076 103.2899 9.9 1.93
2014 08 07 07 14 52.921 27.1042 103.3442 13.1 2.43
2014 08 07 07 16 26.739 27.1158 103.3792 10.8 2.45
2014 08 07 07 17 16.743 26.4806 101.7024 19.4 1.63
2014 08 07 07 25 01.367 27.1032 103.3742 14.5 1.65
2014 08 07 07 25 25.359 27.0569 103.4129 0.0 3.61
2014 08 07 07 28 23.031 26.7684 103.6550 13.6 -9999.0
2014 08 07 07 50 47.714 25.0214 97.8520 7.2 1.72
2014 08 07 08 07 57.737 27.1225 103.3833 14.6 1.64
2014 08 07 08 12 46.983 27.0959 103.3805 14.5 1.58
2014 08 07 08 20 06.667 24.8873 97.8305 0.0 1.44
2014 08 07 08 32 32.059 27.0956 103.3994 19.0 1.24
2014 08 07 08 36 17.299 27.1183 103.3814 9.8 2.17
2014 08 07 09 24 41.383 27.1149 103.3831 10.4 1.9
2014 08 07 09 28 28.372 25.0113 97.8612 8.4 1.69
2014 08 07 09 29 24.375 27.1392 103.4071 0.0 1.39
2014 08 07 09 57 02.762 27.1653 103.4084 6.9 1.14
2014 08 07 09 57 48.490 27.1013 103.3962 20.5 2.02
2014 08 07 10 27 16.977 27.1092 103.3651 11.9 1.18
2014 08 07 10 32 31.137 27.1052 103.3710 11.9 1.17
2014 08 07 10 39 26.102 24.9676 97.7807 7.1 1.33
2014 08 07 10 48 49.610 27.1017 103.3272 13.6 1.32
2014 08 07 11 12 10.434 27.0906 103.3811 12.7 2.74
2014 08 07 11 25 43.155 27.1165 103.3561 17.6 1.29
2014 08 07 11 25 54.609 25.6108 99.0763 13.7 0.89
2014 08 07 11 41 05.620 27.1221 103.3729 10.9 1.78
2014 08 07 11 41 35.266 25.3656 103.6995 2.6 1.98
2014 08 07 11 56 20.185 27.1086 103.2926 10.9 1.58
2014 08 07 11 57 22.435 25.5915 100.3106 19.6 1.1
2014 08 07 12 19 49.653 27.0474 103.3973 12.5 2.74
2014 08 07 12 19 52.286 24.9486 97.7622 8.2 1.22
2014 08 07 12 40 44.127 27.0949 103.3646 18.8 1.38
2014 08 07 12 44 19.617 27.1109 103.2711 14.7 1.44
2014 08 07 12 46 49.970 24.9449 97.9300 4.5 1.5
2014 08 07 13 13 25.627 24.9674 97.7745 6.3 1.72
2014 08 07 13 15 03.671 27.0677 103.2813 12.5 1.83
2014 08 07 13 39 50.353 27.0787 103.2654 9.8 1.54
2014 08 07 13 48 57.725 27.0950 103.3837 8.4 1.56
2014 08 07 13 52 51.310 27.0395 103.4190 11.6 2.2
2014 08 07 13 53 52.018 25.0311 97.8587 0.0 1.91
2014 08 07 13 56 44.949 27.1280 103.3798 15.4 1.73
2014 08 07 14 10 40.655 27.0676 103.3963 13.7 1.44
2014 08 07 14 32 41.032 27.1009 103.3196 11.2 2.52
2014 08 07 14 42 16.066 27.0460 103.3961 13.6 1.68
2014 08 07 14 51 50.344 27.0632 103.2529 0.7 2.56
2014 08 07 15 08 16.734 27.1314 103.1548 16.8 1.06
2014 08 07 15 08 53.750 27.0523 103.3891 13.9 1.47
2014 08 07 15 31 01.432 27.0622 103.3958 12.5 2.07
2014 08 07 15 35 45.988 26.8322 100.0562 9.3 1.19
2014 08 07 15 39 54.074 27.1158 103.3381 7.7 1.59
2014 08 07 15 41 56.195 25.0481 97.8414 10.3 2.94
2014 08 07 15 44 54.837 25.0376 97.8711 8.2 -9999.0
2014 08 07 16 11 45.217 27.0999 103.2388 12.6 2.2
2014 08 07 16 13 46.829 27.0361 103.3892 13.8 1.59
2014 08 07 16 16 02.530 27.1028 103.3410 10.1 1.15
2014 08 07 16 20 16.466 23.9875 98.0628 15.5 2.11
2014 08 07 16 20 52.690 25.0301 97.8664 7.3 1.62
2014 08 07 16 23 42.171 27.0691 103.4061 12.6 -9999.0
2014 08 07 16 40 50.684 25.0556 97.8807 4.5 1.62
2014 08 07 16 41 28.706 27.1045 103.3003 11.3 1.96
2014 08 07 16 42 44.289 24.9653 97.8558 9.7 0.93
2014 08 07 16 52 03.687 27.1112 103.3537 17.8 1.62
2014 08 07 17 03 22.870 27.0258 103.4149 9.4 1.4
2014 08 07 17 15 48.819 27.0793 103.4002 14.3 1.44
2014 08 07 17 17 51.103 24.9086 97.8014 6.1 1.12
2014 08 07 17 18 23.226 27.1204 103.3933 13.6 1.49
2014 08 07 17 23 19.054 25.0236 97.8497 7.4 2.06
2014 08 07 17 34 15.924 27.1069 103.3612 13.5 1.87
2014 08 07 17 49 28.141 27.1091 103.3583 13.7 2.88
2014 08 07 17 58 09.340 27.1031 103.3550 12.2 1.47
2014 08 07 18 24 28.736 27.7390 100.8435 31.2 1.77
2014 08 07 18 25 10.474 27.0671 103.4034 15.0 1.64
2014 08 07 18 35 01.572 27.0453 103.3958 12.1 1.71
2014 08 07 18 35 59.364 25.6274 100.3243 16.5 0.99
2014 08 07 18 45 12.197 24.8873 97.8197 3.2 1.68
2014 08 07 19 13 16.498 24.9398 97.8117 9.7 1.56
2014 08 07 19 13 38.489 25.6118 100.3938 10.0 1.08
2014 08 07 19 54 55.662 25.2244 99.2660 11.4 1.38
2014 08 07 20 09 51.958 22.9399 98.9304 26.9 1.66
2014 08 07 20 24 56.850 24.9646 97.8188 7.5 1.29
2014 08 07 20 34 01.371 27.1338 103.3652 13.4 2.19
2014 08 07 20 41 05.656 27.2252 103.2903 15.2 1.73
2014 08 07 21 09 18.779 25.0253 97.8494 8.0 1.36
2014 08 07 22 00 00.797 27.0628 103.4133 8.5 1.54
2014 08 07 22 03 43.197 27.1177 103.4059 0.0 1.39
2014 08 07 22 10 32.487 27.0939 103.3581 0.0 1.42
2014 08 07 22 24 52.546 27.1311 103.3280 15.2 1.58
2014 08 07 22 48 56.621 27.1779 103.2894 18.4 1.15
2014 08 07 22 54 47.966 27.4040 102.1778 30.1 1.26
2014 08 07 22 57 39.789 27.0640 103.3704 21.1 0.63
2014 08 07 22 59 46.833 27.1301 103.2928 0.0 1.16
2014 08 07 23 07 33.393 27.1166 103.3776 0.0 1.85
2014 08 07 23 12 01.603 27.0332 103.1796 11.2 1.37
2014 08 07 23 23 32.252 25.0256 97.8569 9.2 0.98
2014 08 07 23 27 37.454 27.1126 103.3644 10.3 1.48
2014 08 07 23 28 21.626 24.9703 97.7796 7.6 1.34
2014 08 07 23 36 12.616 27.1220 103.3930 5.1 1.22
2014 08 07 23 37 30.301 27.0494 103.3978 15.5 1.05
2014 08 07 23 38 49.157 27.1218 103.8703 40.7 0.88
2014 08 07 23 42 09.925 25.0087 97.8622 7.9 1.34
2014 08 07 23 55 04.904 27.0726 103.3932 15.4 1.12
2014 08 08 00 08 32.165 27.1065 103.3940 16.3 1.29
2014 08 08 00 09 19.819 26.9374 103.3650 27.4 0.73
2014 08 08 00 09 49.488 27.0383 103.4039 15.5 0.9
2014 08 08 00 36 06.190 27.0454 103.4011 0.0 2.37
2014 08 08 00 44 04.428 27.1135 103.3715 16.4 0.83
2014 08 08 00 44 27.179 27.1708 103.2957 0.0 1.0
2014 08 08 00 45 04.335 24.9702 97.8317 9.1 1.44
2014 08 08 00 56 25.697 27.0397 103.4146 14.2 1.2
2014 08 08 01 27 14.907 27.1180 103.3346 8.9 1.52
2014 08 08 01 40 39.619 27.1100 103.3715 12.6 0.73
2014 08 08 01 40 48.288 27.1203 103.2443 10.4 2.7
2014 08 08 01 41 05.607 25.0302 97.8491 6.7 1.18
2014 08 08 01 43 35.709 27.1131 103.4004 9.4 0.8
2014 08 08 01 46 20.131 27.9834 103.4338 30.7 1.97
2014 08 08 01 52 14.172 27.1200 103.2573 0.0 2.16
2014 08 08 01 56 26.607 24.7365 95.1191 34.9 2.64
2014 08 08 01 59 33.557 27.0909 103.3899 13.9 1.25
2014 08 08 01 59 23.546 27.1189 103.3816 11.9 0.87
2014 08 08 02 06 43.231 27.3133 103.7615 23.6 1.34
2014 08 08 02 16 11.655 27.1470 103.3973 3.2 0.91
2014 08 08 02 17 51.430 27.0613 103.3873 12.6 0.36
2014 08 08 02 20 34.120 27.1063 103.3533 12.2 1.86
2014 08 08 02 26 08.379 25.0065 97.9068 5.9 1.2
2014 08 08 02 28 18.408 25.0172 97.8585 7.9 1.16
2014 08 08 02 30 30.095 26.7985 103.3426 24.0 0.78
2014 08 08 02 31 05.633 27.1010 103.2647 11.2 1.26
2014 08 08 02 31 51.738 26.9423 103.4141 8.9 0.63
2014 08 08 02 36 52.008 27.1207 103.3718 7.3 1.27
2014 08 08 02 37 03.975 25.7189 100.4090 11.2 -0.15
2014 08 08 02 37 14.823 24.9372 97.8273 4.2 0.74
2014 08 08 02 38 55.448 27.0165 103.4060 11.6 1.29
2014 08 08 02 51 53.690 27.1126 103.3822 10.4 1.05
2014 08 08 02 53 40.106 27.0007 103.3846 22.6 0.53
2014 08 08 02 55 48.608 27.0946 103.3808 12.7 1.4
2014 08 08 02 58 47.476 27.0360 103.4009 0.1 0.95
2014 08 08 02 58 58.208 24.9254 97.8506 4.2 0.53
2014 08 08 02 59 28.739 27.1943 103.2729 15.5 0.72
2014 08 08 03 04 23.378 27.1052 103.3641 14.2 1.44
2014 08 08 03 06 43.906 25.0107 97.8730 8.0 1.35
2014 08 08 03 11 42.946 27.1685 103.3226 5.6 1.25
2014 08 08 03 12 14.806 25.8413 100.5121 6.3 1.6
2014 08 08 03 12 20.406 27.1154 103.3663 16.2 0.4
2014 08 08 03 20 10.480 27.1128 103.3712 16.4 1.39
2014 08 08 03 21 46.876 27.1010 103.3580 13.0 1.75
2014 08 08 03 23 29.119 24.9900 97.7857 8.3 0.74
2014 08 08 03 24 33.735 24.9808 97.7827 7.1 1.51
2014 08 08 03 30 09.615 27.1671 103.3258 10.1 1.37
2014 08 08 03 33 22.484 25.0986 97.7583 26.8 -9999.0
2014 08 08 03 34 23.518 27.1774 103.2377 16.4 0.75
2014 08 08 03 35 13.498 26.8232 103.2299 17.4 0.73
2014 08 08 03 35 14.392 25.0106 97.8570 10.2 1.36
2014 08 08 03 35 54.497 27.1768 103.2955 10.8 1.39
2014 08 08 03 41 23.838 26.8799 103.1993 21.8 -9999.0
2014 08 08 03 42 32.628 24.9511 97.8569 0.0 1.16
2014 08 08 03 48 01.496 26.8126 103.1844 23.8 0.68
2014 08 08 03 48 51.346 25.0416 97.8609 7.3 0.65
2014 08 08 03 49 28.700 27.1239 103.3250 11.1 1.13
2014 08 08 03 50 26.996 22.5890 99.6964 11.9 1.37
2014 08 08 03 51 01.224 27.0788 103.3851 19.6 0.55
2014 08 08 04 08 40.284 25.0596 97.8708 7.4 1.23
2014 08 08 04 10 39.515 27.1019 103.3602 13.6 3.12
2014 08 08 04 12 00.965 25.4888 100.4316 11.2 1.36
2014 08 08 04 12 12.015 27.0723 103.2611 11.9 0.64
2014 08 08 04 13 30.107 27.1229 103.3689 18.4 0.62
2014 08 08 04 13 58.638 27.0770 103.3792 18.5 0.72
2014 08 08 04 43 17.783 27.0969 103.3415 21.6 0.77
2014 08 08 04 45 29.666 26.9835 103.3990 19.9 0.54
2014 08 08 04 47 56.577 22.6945 100.4135 2.1 1.59
2014 08 08 04 51 11.574 26.9556 103.2935 21.7 0.68
2014 08 08 04 52 02.421 27.1324 103.3662 18.2 0.81
2014 08 08 04 55 08.192 26.9671 103.2894 21.7 0.72
2014 08 08 05 00 36.894 27.0852 103.3915 14.2 1.26
2014 08 08 05 02 26.652 27.0126 103.3904 16.9 0.29
2014 08 08 05 07 30.767 27.1196 104.3434 25.1 1.28
2014 08 08 05 08 02.234 26.9942 103.0662 10.3 1.46
2014 08 08 05 08 17.874 27.1006 103.4013 9.7 1.02
2014 08 08 05 14 42.619 27.1116 103.3798 13.7 1.07
2014 08 08 05 16 11.900 27.0949 103.3802 11.4 0.83
2014 08 08 05 16 16.401 27.1130 101.9158 13.0 1.31
2014 08 08 05 17 59.097 27.1101 103.3684 10.6 1.33
2014 08 08 05 20 24.844 27.0184 103.4129 11.3 1.09
2014 08 08 05 23 13.085 27.1007 103.3650 11.0 0.83
2014 08 08 05 26 09.360 23.5420 101.9562 21.6 1.31
2014 08 08 05 29 32.344 27.0368 103.4195 14.0 -9999.0
2014 08 08 05 29 47.048 27.1171 103.3496 12.5 1.17
2014 08 08 05 32 04.597 27.1060 103.3752 4.2 2.72
2014 08 08 05 40 11.954 27.1037 103.3716 11.8 1.48
2014 08 08 05 46 42.055 26.8221 103.4023 14.6 0.64
2014 08 08 05 46 39.897 28.0683 101.4387 1.6 1.93
2014 08 08 05 47 30.312 27.0687 103.5663 25.0 1.17
2014 08 08 05 51 40.008 27.1091 103.2507 17.7 0.98
2014 08 08 05 55 19.172 25.0569 97.8240 2.6 1.15
2014 08 08 05 57 14.930 27.1016 103.3213 4.3 1.45
2014 08 08 05 58 30.286 26.4894 100.0758 0.0 1.42
2014 08 08 06 00 53.236 26.9093 103.3351 21.2 0.02
2014 08 08 06 01 53.994 25.0197 97.8749 8.2 1.47
2014 08 08 06 04 32.608 27.0122 103.3998 20.0 3.11
2014 08 08 06 05 17.236 26.1804 100.3542 49.9 1.49
2014 08 08 06 13 57.260 25.8604 99.7911 0.0 1.17
2014 08 08 06 14 19.570 27.0013 103.4853 29.6 0.8
2014 08 08 06 20 36.291 27.1139 103.2694 11.7 1.43
2014 08 08 06 23 06.623 28.6611 103.7965 0.8 2.09
2014 08 08 06 24 44.964 25.7927 99.5339 5.2 0.81
2014 08 08 06 25 37.474 27.0603 103.4066 5.8 1.41
2014 08 08 06 35 50.806 23.9926 102.6810 15.3 0.92
2014 08 08 06 47 58.465 27.1014 103.3657 13.1 2.39
2014 08 08 06 57 28.175 27.0477 103.4007 17.6 1.12
2014 08 08 06 58 10.492 27.1095 103.3605 0.0 1.88
2014 08 08 07 00 51.879 27.1508 103.5800 27.4 1.09
2014 08 08 07 01 52.484 27.1160 103.3772 10.3 1.73
2014 08 08 07 12 17.893 27.0903 103.3675 0.0 2.36
2014 08 08 07 17 01.216 27.1050 103.3694 15.2 1.3
2014 08 08 07 18 39.423 27.0770 103.2878 9.6 0.81
2014 08 08 07 21 43.467 27.0806 103.3871 15.5 1.09
2014 08 08 07 27 08.029 27.0940 103.3755 16.9 1.49
2014 08 08 07 42 45.774 27.1071 103.3730 10.0 1.5
2014 08 08 07 54 37.122 27.1156 103.3827 0.0 2.71
2014 08 08 08 21 37.472 24.9775 97.8657 3.2 1.43
2014 08 08 08 22 30.348 27.1033 103.3616 1.8 1.63
2014 08 08 08 43 52.950 24.9714 97.9043 6.0 1.67
2014 08 08 08 53 02.756 24.9746 97.8418 7.6 1.39
2014 08 08 09 07 18.083 27.1064 103.3676 11.8 2.23
2014 08 08 09 14 49.671 27.1034 103.3683 12.7 2.21
2014 08 08 09 17 53.387 27.0906 103.3821 7.3 1.75
2014 08 08 09 34 11.059 27.1056 103.3616 13.0 1.38
2014 08 08 09 43 17.481 27.0260 103.4056 13.0 2.11
2014 08 08 09 43 43.617 24.9835 97.9101 5.8 1.42
2014 08 08 09 55 51.295 27.0232 103.3491 20.6 1.17
2014 08 08 09 58 52.677 27.1282 101.1243 13.7 1.97
2014 08 08 09 59 18.074 24.4375 105.0663 35.1 1.99
2014 08 08 10 00 02.607 27.0947 103.3527 17.5 2.16
2014 08 08 10 14 25.509 27.1062 103.3636 0.0 2.94
2014 08 08 10 15 37.257 25.0150 97.8224 5.4 1.25
2014 08 08 10 37 07.995 27.1064 103.3665 12.3 1.66
2014 08 08 10 55 05.798 27.0896 103.3742 14.8 1.96
2014 08 08 10 57 19.371 22.3623 104.5915 40.7 2.31
2014 08 08 11 30 23.009 27.0912 103.2807 10.2 1.49
2014 08 08 11 53 16.408 25.1151 97.9700 8.6 1.77
2014 08 08 11 53 31.391 27.1167 103.3949 14.7 1.81
2014 08 08 11 56 08.175 27.1854 103.2753 25.6 1.3
2014 08 08 12 00 15.842 27.1055 103.3877 16.5 1.47
2014 08 08 12 10 02.618 27.0425 103.4016 6.3 2.01
2014 08 08 12 24 07.601 24.9663 98.3721 2.9 0.68
2014 08 08 12 26 06.352 26.7350 103.1669 27.9 1.32
2014 08 08 12 44 00.876 27.1331 103.4088 0.3 1.63
2014 08 08 12 55 56.223 25.6165 99.8864 10.5 1.18
2014 08 08 12 58 03.620 22.6235 108.1583 5.7 1.84
2014 08 08 13 15 17.353 24.1523 102.5845 28.7 1.18
2014 08 08 13 15 55.366 27.1491 103.2242 4.3 1.61
2014 08 08 13 21 14.759 27.1066 103.3834 16.5 1.98
2014 08 08 13 22 07.538 27.1126 103.3556 12.6 1.5
2014 08 08 13 23 03.955 27.1182 103.3382 3.7 1.29
2014 08 08 13 36 46.564 27.0967 103.3677 14.8 1.56
2014 08 08 13 38 20.352 27.0895 103.3833 14.6 1.42
2014 08 08 13 53 16.033 27.1011 103.3584 10.0 1.61
2014 08 08 14 01 04.154 24.9726 97.8372 8.1 1.15
2014 08 08 14 15 12.380 24.9659 97.8288 6.5 2.58
2014 08 08 14 27 58.962 27.1067 103.3668 12.5 3.04
2014 08 08 14 30 37.904 25.0065 97.9094 9.9 1.4
2014 08 08 14 31 17.122 27.3300 103.4028 8.4 1.22
2014 08 08 14 31 05.443 24.5950 101.1049 35.1 2.12
2014 08 08 14 33 37.543 27.1037 103.3626 0.0 2.15
2014 08 08 14 38 09.592 27.0882 103.3715 10.4 2.04
2014 08 08 14 39 28.489 27.1003 103.3715 11.4 4.04
2014 08 08 14 51 03.486 27.1063 103.3609 9.7 2.45
2014 08 08 14 59 52.883 27.1159 103.3444 13.0 1.95
2014 08 08 15 00 59.832 27.1181 103.3901 5.4 1.69
2014 08 08 15 00 56.334 22.9468 104.7471 17.6 1.69
2014 08 08 15 04 42.053 25.0536 97.8516 0.0 1.93
2014 08 08 15 05 44.299 25.4749 100.7370 29.3 1.26
2014 08 08 15 14 21.421 25.2622 101.7505 15.2 1.54
2014 08 08 15 15 30.786 27.1019 103.3643 11.8 1.89
2014 08 08 15 41 09.301 24.2223 103.0373 35.6 1.56
2014 08 08 15 42 11.660 27.1138 103.3636 12.8 1.95
2014 08 08 15 42 52.591 24.1766 103.5370 43.6 1.49
2014 08 08 15 44 30.483 25.2111 97.9833 10.0 1.86
2014 08 08 15 46 59.471 21.6555 100.7479 16.2 1.83
2014 08 08 15 47 55.158 27.1088 103.3637 12.4 2.52
2014 08 08 15 48 39.643 24.9886 98.3933 6.6 0.52
2014 08 08 15 50 29.451 27.1199 103.3376 14.6 1.28
2014 08 08 15 50 15.180 24.5302 100.8737 18.9 -9999.0
2014 08 08 16 04 39.946 27.1167 103.3696 15.5 1.22
2014 08 08 16 12 20.676 27.0953 103.3201 0.0 3.07
2014 08 08 16 31 04.510 25.0001 97.7575 5.9 2.46
2014 08 08 16 31 47.008 25.0033 98.5208 0.0 0.6
2014 08 08 16 31 43.888 23.3983 100.9311 36.3 1.41
2014 08 08 16 37 13.317 27.1219 103.3725 15.7 1.54
2014 08 08 16 53 59.817 27.0971 103.3711 14.8 3.46
2014 08 08 16 55 05.883 27.0952 103.3753 18.8 1.66
2014 08 08 17 07 56.566 27.1016 103.3804 12.6 1.39
2014 08 08 17 08 12.344 27.0955 103.3769 16.4 1.71
2014 08 08 17 10 09.472 27.0907 103.2867 9.9 1.7
2014 08 08 17 10 53.819 27.1025 103.3686 14.0 1.82
2014 08 08 17 12 00.975 27.0915 103.3741 17.5 1.09
2014 08 08 17 22 39.332 27.1134 103.3717 16.9 1.44
2014 08 08 17 23 40.889 23.3678 104.7111 47.9 1.32
2014 08 08 17 44 38.718 27.1025 103.3689 0.0 3.5
2014 08 08 17 48 09.552 27.1142 103.3636 13.0 1.43
2014 08 08 17 50 48.605 27.0946 103.3664 12.4 2.03
2014 08 08 18 06 19.301 27.1005 103.3652 11.5 1.57
2014 08 08 18 12 39.369 27.0995 103.3604 12.8 2.59
2014 08 08 18 15 34.099 27.1051 103.3611 0.0 2.48
2014 08 08 18 30 37.681 27.1001 103.3690 12.5 1.88
2014 08 08 18 31 09.383 26.7938 103.3887 7.0 -9999.0
2014 08 08 18 49 47.928 27.0634 103.3953 15.2 1.55
2014 08 08 18 50 29.474 27.0139 103.4265 10.4 1.63
2014 08 08 18 52 42.840 27.0810 103.3972 13.8 2.57
2014 08 08 18 54 10.927 26.8262 103.3498 12.0 0.92
2014 08 08 19 19 45.242 27.1052 103.3623 13.0 1.97
2014 08 08 19 21 29.543 27.1480 103.2511 11.7 1.13
2014 08 08 19 32 39.868 27.0924 103.3740 14.0 1.41
2014 08 08 19 34 27.160 27.1428 103.3816 9.8 1.14
2014 08 08 19 35 26.588 25.7731 103.6434 42.9 1.46
2014 08 08 19 36 28.450 27.0609 103.3985 14.0 2.66
2014 08 08 19 37 58.789 27.0980 103.3942 13.8 1.74
2014 08 08 19 56 44.253 27.1211 103.3896 14.4 3.46
2014 08 08 19 58 10.924 27.1099 103.4120 5.8 1.47
2014 08 08 19 58 53.668 27.1314 103.3244 19.5 1.32
2014 08 08 19 59 12.478 27.1321 103.3366 13.7 1.27
2014 08 08 20 09 47.258 24.9982 97.8071 0.0 1.7
2014 08 08 20 10 02.247 27.5072 103.9794 14.8 0.71
2014 08 08 20 10 47.531 27.1109 103.4000 7.9 1.29
2014 08 08 20 12 28.736 27.1021 103.3622 12.0 1.91
2014 08 08 20 54 51.118 27.1280 103.3340 13.9 1.45
2014 08 08 20 56 07.953 27.0996 103.3423 10.5 2.05
2014 08 08 20 56 05.731 21.8264 100.7842 41.3 1.03
2014 08 08 20 59 12.920 25.0067 97.7748 5.2 1.46
2014 08 08 21 01 00.117 27.1029 103.3634 14.6 1.52
2014 08 08 21 01 32.645 27.1243 103.3284 13.0 1.31
2014 08 08 21 05 51.286 27.1150 103.3925 12.3 1.32
2014 08 08 21 06 49.166 25.0761 97.8749 0.0 1.24
2014 08 08 21 12 38.823 27.1000 103.3700 14.3 2.23
2014 08 08 21 21 38.140 25.0010 97.8157 0.0 1.46
2014 08 08 21 24 34.887 27.1118 103.3309 10.5 1.7
2014 08 08 21 33 50.734 27.1094 103.3860 14.5 1.5
2014 08 08 21 35 16.444 27.1431 103.3229 9.7 1.13
2014 08 08 21 37 15.333 27.1173 103.3881 5.9 1.49
2014 08 08 21 39 33.421 27.0047 103.4138 28.2 0.79
2014 08 08 21 40 29.507 24.9955 97.7624 4.8 2.01
2014 08 08 21 42 12.029 27.1123 103.3588 15.7 1.19
2014 08 08 21 46 40.246 27.0233 103.4055 13.2 1.45
2014 08 08 21 48 45.528 27.0668 103.4012 12.8 1.44
2014 08 08 22 01 13.545 27.1130 103.3760 16.7 1.08
2014 08 08 22 01 15.040 26.3386 101.6084 13.0 1.28
2014 08 08 22 05 41.031 25.0669 97.8668 0.0 1.72
2014 08 08 22 06 32.523 25.0010 97.7623 1.0 0.97
2014 08 08 22 26 29.861 27.1804 103.1587 12.2 1.48
2014 08 08 22 27 52.624 25.0479 97.8406 0.1 1.18
2014 08 08 22 32 07.640 27.1128 103.3590 8.9 1.8
2014 08 08 22 33 16.840 27.1041 103.2874 18.6 0.93
2014 08 08 22 34 15.600 27.1869 103.3075 13.1 1.13
2014 08 08 22 35 32.136 24.9559 97.7900 8.1 2.06
2014 08 08 22 35 46.404 24.9703 97.7829 8.1 2.16
2014 08 08 22 38 59.825 27.1234 103.3811 10.5 1.52
2014 08 08 22 41 42.327 25.0020 97.7662 0.0 1.94
2014 08 08 22 53 16.546 24.9991 97.7674 5.0 1.35
2014 08 08 23 02 56.137 27.1167 103.3407 9.9 1.89
2014 08 08 23 33 03.719 27.1139 103.3617 15.0 3.54
2014 08 08 23 36 32.239 27.1153 103.3665 15.1 1.07
2014 08 08 23 36 44.775 27.0358 103.4233 10.7 1.7
2014 08 08 23 37 41.981 27.1132 103.3644 12.2 1.09
2014 08 08 23 38 25.249 27.1017 103.3565 12.9 1.88
2014 08 08 23 38 57.464 27.1001 103.3681 12.9 1.28
2014 08 08 23 57 39.630 25.0524 97.8401 0.0 2.23
2014 08 08 23 59 21.226 27.1523 103.4156 24.5 0.98
2014 08 08 23 59 39.140 27.1025 103.3556 13.2 1.67
2014 08 09 00 00 49.473 27.0168 103.4105 10.8 2.22
2014 08 09 00 01 58.681 27.1084 103.3787 16.1 1.19
2014 08 09 00 04 01.032 27.1280 103.3276 11.6 1.34
2014 08 09 00 04 37.606 25.0545 97.8400 0.0 1.6
2014 08 09 00 05 40.394 26.7697 103.3964 0.6 0.41
2014 08 09 00 06 57.761 26.9846 103.4195 4.9 1.45
2014 08 09 00 12 26.955 27.1095 103.3680 12.1 2.88
2014 08 09 00 13 50.535 24.9803 97.7812 6.4 1.12
2014 08 09 00 17 48.635 27.1151 103.3454 13.1 1.53
2014 08 09 00 18 51.087 27.1226 103.3899 12.5 1.5
2014 08 09 00 19 11.508 27.1203 103.3675 16.7 0.93
2014 08 09 00 20 15.215 27.3547 103.8831 10.0 1.5
2014 08 09 00 21 42.087 26.8747 103.8257 6.7 1.76
2014 08 09 00 31 36.599 24.7736 100.0703 14.7 1.1
2014 08 09 00 48 41.023 27.1560 103.3447 9.4 0.58
2014 08 09 00 52 05.043 27.0187 103.4065 11.5 2.41
2014 08 09 00 52 08.349 27.0676 103.4527 43.0 2.66
2014 08 09 00 56 50.707 27.0583 103.4044 23.7 0.99
2014 08 09 00 59 55.620 27.1183 103.3890 12.0 0.97
2014 08 09 01 03 03.481 27.0327 103.4239 13.2 1.32
2014 08 09 01 05 27.130 27.1255 103.3933 14.8 0.78
2014 08 09 01 09 27.012 27.0583 103.4158 13.1 2.66
2014 08 09 01 10 54.396 27.1608 103.3403 7.6 1.4
2014 08 09 01 12 50.570 27.0459 103.4203 12.6 1.46
2014 08 09 01 21 23.782 27.0591 103.4051 12.2 1.08
2014 08 09 01 22 56.508 27.2254 103.4140 4.3 0.61
2014 08 09 01 23 47.342 27.0976 103.3611 14.1 2.32
2014 08 09 01 30 19.958 27.0065 103.4227 12.3 2.26
2014 08 09 01 31 03.962 27.0982 103.3228 11.0 0.91
2014 08 09 01 31 28.774 27.0346 103.4165 13.8 0.97
2014 08 09 01 40 55.464 27.1137 103.3768 16.4 0.59
2014 08 09 01 41 32.131 27.1060 103.3638 14.9 1.18
2014 08 09 01 42 07.317 27.0328 103.4153 13.8 0.73
2014 08 09 01 44 17.788 27.1042 103.3796 13.7 0.68
2014 08 09 01 46 39.489 27.0455 103.4088 11.0 0.66
2014 08 09 01 46 27.788 26.9310 103.4083 14.9 0.47
2014 08 09 01 54 07.706 27.0483 103.4076 9.7 1.43
2014 08 09 01 54 55.685 25.9940 103.5076 44.6 1.55
2014 08 09 01 56 19.626 27.0980 103.3704 6.9 1.46
2014 08 09 01 57 46.919 27.1499 103.3622 13.6 0.87
2014 08 09 01 59 32.588 27.0792 103.3809 11.9 0.6
2014 08 09 02 07 17.205 26.9169 103.4323 12.0 0.69
2014 08 09 02 08 02.168 26.9349 103.3221 36.1 1.37
2014 08 09 02 11 06.687 27.0260 103.4121 12.0 0.97
2014 08 09 02 16 53.188 27.0650 103.4172 13.2 2.13
2014 08 09 02 17 26.568 27.1159 103.3781 11.0 1.08
2014 08 09 02 30 25.631 27.1016 103.3266 14.6 0.85
2014 08 09 02 33 01.127 28.0579 101.2455 10.0 1.33
2014 08 09 02 38 48.331 27.0526 103.4038 13.7 1.16
2014 08 09 02 39 59.598 27.1344 103.3622 6.6 0.54
2014 08 09 02 49 13.451 27.0904 103.3921 12.8 0.93
2014 08 09 02 51 40.326 27.0450 103.3974 12.9 0.69
2014 08 09 02 53 06.842 27.1102 103.3723 12.4 1.34
2014 08 09 02 54 57.417 27.3383 103.4159 6.9 0.53
2014 08 09 02 55 13.469 27.1285 103.3101 1.1 0.64
2014 08 09 02 55 43.526 27.0856 103.3945 19.8 0.82
2014 08 09 02 56 45.335 27.0763 103.4007 15.5 0.84
2014 08 09 02 57 04.398 27.1118 103.4197 19.1 0.58
2014 08 09 02 58 32.496 27.0986 103.3412 15.5 -9999.0
2014 08 09 03 03 17.628 27.0781 103.4008 10.7 1.1
2014 08 09 03 05 20.675 27.0410 103.3151 22.3 0.84
2014 08 09 03 06 18.436 27.0473 103.4105 9.6 1.09
2014 08 09 03 07 09.262 27.1088 103.3566 11.9 1.42
2014 08 09 03 14 48.072 26.7514 103.5342 23.4 0.38
2014 08 09 03 22 47.570 27.8489 104.3949 2.8 0.33
2014 08 09 03 23 33.724 27.1148 103.3620 13.2 1.77
2014 08 09 03 31 38.687 27.0722 103.4007 10.7 1.96
2014 08 09 03 32 35.666 27.1319 103.3660 1.1 0.79
2014 08 09 03 39 06.332 27.0687 103.3966 12.5 1.41
2014 08 09 03 52 38.124 27.0230 103.4264 12.6 1.12
2014 08 09 03 55 55.401 27.1102 103.3487 13.5 3.31
2014 08 09 03 59 28.981 27.0622 103.3932 10.4 0.51
2014 08 09 04 01 13.775 27.1070 103.3644 14.2 1.0
2014 08 09 04 02 18.646 26.9966 103.4163 13.9 0.1
2014 08 09 04 07 06.800 27.1090 103.3845 12.1 0.76
2014 08 09 04 07 41.551 27.0364 103.4066 12.6 1.22
2014 08 09 04 13 53.842 27.1307 103.3117 4.6 0.91
2014 08 09 04 14 49.652 27.0554 103.4029 10.2 0.94
2014 08 09 04 17 51.831 27.1240 103.3986 16.6 1.06
2014 08 09 04 18 24.013 27.1158 103.3853 16.7 0.98
2014 08 09 04 19 36.116 27.7911 103.4696 0.0 1.82
2014 08 09 04 25 19.193 24.5002 98.3842 10.6 2.0
2014 08 09 04 25 31.385 27.0424 103.4067 13.5 1.87
2014 08 09 04 26 45.181 27.1015 103.3629 11.4 1.79
2014 08 09 04 31 58.620 27.1044 103.2929 9.2 1.49
2014 08 09 04 33 02.535 27.0301 103.3805 19.6 0.67
2014 08 09 04 44 29.897 27.0545 103.4140 13.2 1.92
2014 08 09 04 46 32.918 27.1060 103.3560 13.7 2.07
2014 08 09 04 47 19.260 27.1206 103.3675 18.1 1.07
2014 08 09 04 51 14.875 27.1073 103.3318 9.3 1.44
2014 08 09 04 52 13.442 27.1155 103.3453 16.6 0.88
2014 08 09 05 06 40.904 27.1244 103.3363 12.5 1.65
2014 08 09 05 14 28.433 27.1146 103.3305 10.8 1.42
2014 08 09 05 19 23.047 27.1314 103.3221 19.3 0.44
2014 08 09 05 20 06.662 27.0467 103.4089 11.7 1.27
2014 08 09 05 21 44.062 26.9497 103.4196 15.1 0.43
2014 08 09 05 29 05.010 26.7846 103.5036 28.8 0.65
2014 08 09 05 29 21.589 27.1084 103.3474 15.1 1.34
2014 08 09 05 30 09.056 27.1102 103.3426 11.7 1.91
2014 08 09 05 34 55.321 27.1143 103.3992 11.2 1.51
2014 08 09 05 46 43.927 27.0709 103.4016 5.7 0.83
2014 08 09 05 53 48.251 27.1056 103.3936 13.0 0.93
2014 08 09 05 56 28.629 26.8557 103.4000 32.4 0.68
2014 08 09 05 58 48.482 25.0191 97.8002 0.0 0.88
2014 08 09 05 58 50.882 27.1507 103.3424 11.3 0.9
2014 08 09 05 59 01.802 27.1031 103.3640 13.7 1.81
2014 08 09 06 00 24.342 27.1488 103.3605 11.1 0.74
2014 08 09 06 01 28.787 27.1067 103.3660 10.7 1.39
2014 08 09 06 02 00.185 27.2056 103.3252 13.4 1.41
2014 08 09 06 02 43.622 27.2227 103.2739 12.8 1.21
2014 08 09 06 03 55.597 27.2905 102.9569 24.9 1.24
2014 08 09 06 07 34.971 28.2081 99.4738 18.3 2.31
2014 08 09 06 07 49.351 27.0727 103.4091 11.4 1.21
2014 08 09 06 08 28.748 28.0280 101.4413 13.5 1.65
2014 08 09 06 10 10.595 26.9672 103.4438 16.3 1.05
2014 08 09 06 11 07.776 27.0576 103.3825 15.3 1.37
2014 08 09 06 13 37.286 27.1025 103.3723 18.5 0.7
2014 08 09 06 18 37.410 27.0289 103.3983 15.3 1.12
2014 08 09 06 20 56.576 26.9148 103.6081 29.2 0.72
2014 08 09 06 24 18.744 26.8219 102.9268 29.1 1.28
2014 08 09 06 25 11.932 27.1094 103.3055 0.1 1.23
2014 08 09 06 26 10.167 27.1135 103.3368 6.5 1.92
2014 08 09 06 28 23.716 27.1141 103.3355 8.2 2.56
2014 08 09 06 37 37.538 27.1062 103.3688 14.4 2.9
2014 08 09 06 39 07.797 27.1081 103.3717 13.0 1.21
2014 08 09 07 04 11.032 27.1103 103.3736 12.7 1.35
2014 08 09 07 06 03.180 24.8389 99.1873 14.4 0.91
2014 08 09 07 57 03.511 27.0965 103.3231 3.1 1.72
2014 08 09 08 22 15.824 27.1076 103.3743 14.4 3.27
2014 08 09 08 27 55.689 24.9758 97.7811 4.2 2.15
2014 08 09 08 30 29.325 26.8181 103.3774 15.3 0.91
2014 08 09 08 37 08.625 27.8271 100.6716 0.1 2.52
2014 08 09 08 38 57.328 27.8008 100.7216 0.0 1.96
2014 08 09 08 40 44.790 27.1250 103.3936 15.3 1.71
2014 08 09 09 23 32.875 27.1101 103.3706 9.1 2.3
2014 08 09 09 26 45.696 27.1636 103.3205 8.8 1.35
2014 08 09 09 27 16.315 27.0804 103.4060 15.2 1.14
2014 08 09 09 28 13.915 24.9944 97.8466 9.6 0.93
2014 08 09 09 30 07.722 27.1278 103.3741 15.6 1.56
2014 08 09 09 30 53.135 23.3861 104.2773 22.7 1.72
2014 08 09 09 36 57.662 27.0128 103.4122 12.7 1.96
2014 08 09 09 39 12.639 27.0397 103.4165 13.1 1.47
2014 08 09 10 12 25.601 27.0543 103.3909 11.9 1.11
2014 08 09 10 13 18.554 27.0735 103.4001 13.1 2.21
2014 08 09 10 13 56.953 22.9707 103.2010 6.7 1.74
2014 08 09 10 32 43.249 27.0145 103.4369 13.7 1.59
2014 08 09 10 33 35.856 27.0675 103.3968 14.0 1.82
2014 08 09 10 34 34.178 27.1121 103.3981 15.4 1.68
2014 08 09 10 35 07.556 27.9182 105.1902 21.5 1.73
2014 08 09 10 35 38.659 27.0776 101.8807 49.8 1.98
2014 08 09 10 52 52.197 25.0913 102.8348 28.4 1.44
2014 08 09 10 53 38.509 24.9754 97.8472 0.2 1.92
2014 08 09 10 58 17.494 27.1034 103.3266 12.5 1.65
2014 08 09 11 28 03.533 27.0319 103.4123 12.6 1.74
2014 08 09 11 30 25.400 28.5360 104.3748 18.3 1.52
2014 08 09 11 32 24.391 26.9992 103.3955 26.8 2.39
2014 08 09 11 33 07.392 27.1119 103.3177 13.6 1.06
2014 08 09 11 33 29.502 23.5074 103.9973 10.8 1.83
2014 08 09 11 57 12.279 27.0216 103.4105 10.1 1.96
2014 08 09 11 59 53.492 27.5569 102.1270 16.2 1.77
2014 08 09 12 00 29.054 28.2313 99.3968 2.4 1.93
2014 08 09 12 01 59.085 28.5759 104.3746 5.4 1.07
2014 08 09 12 02 17.779 26.5630 101.8884 27.9 1.88
2014 08 09 12 24 14.243 22.8026 103.7103 28.6 1.92
2014 08 09 12 26 51.657 27.1997 103.3601 9.3 1.34
2014 08 09 12 56 59.444 27.1119 103.3677 15.7 1.39
2014 08 09 13 14 06.354 27.1802 103.3238 12.4 1.67
2014 08 09 13 18 04.084 27.0351 103.4066 12.6 1.66
2014 08 09 13 18 32.088 27.1050 103.2997 2.9 1.38
2014 08 09 13 26 42.863 27.1077 103.3674 14.0 3.17
2014 08 09 13 33 32.307 25.1036 102.9352 18.6 1.21
2014 08 09 13 38 31.276 27.1227 103.4060 16.3 0.92
2014 08 09 13 43 15.966 27.1152 103.3848 10.4 1.91
2014 08 09 13 45 32.866 27.0839 103.2560 12.6 1.48
2014 08 09 14 02 45.666 27.2446 102.7626 30.0 2.0
2014 08 09 14 03 09.895 25.0335 97.8033 3.5 1.82
2014 08 09 14 03 59.503 27.0918 103.4052 9.5 1.37
2014 08 09 14 20 27.724 26.5704 103.2516 12.6 1.35
2014 08 09 14 20 28.899 23.6108 98.7069 0.0 2.6
2014 08 09 14 36 57.003 27.0170 103.4120 12.6 2.77
2014 08 09 14 42 33.295 27.0354 103.4053 4.8 2.28
2014 08 09 14 46 17.301 27.1189 103.3511 13.7 1.81
2014 08 09 14 49 06.484 27.0258 103.4288 15.7 1.64
2014 08 09 14 53 43.757 31.8085 104.2394 28.5 4.59
2014 08 09 14 54 23.146 27.0199 103.4112 12.0 1.81
2014 08 09 15 23 07.058 24.4294 98.1327 0.3 1.62
2014 08 09 15 24 00.950 25.0190 97.8410 3.6 2.33
2014 08 09 15 25 23.975 27.9531 101.4288 0.3 2.29
2014 08 09 16 07 59.645 27.1078 103.3066 9.9 1.9
2014 08 09 16 09 46.055 27.0661 103.3991 12.5 1.95
2014 08 09 16 30 34.069 27.0927 103.3778 0.0 1.6
2014 08 09 16 30 48.688 27.0191 103.4113 10.5 2.69
2014 08 09 16 40 41.838 27.0227 103.4071 9.7 1.79
2014 08 09 16 41 32.585 26.9493 103.4387 28.7 1.36
2014 08 09 16 54 53.066 25.0376 97.8372 3.7 1.61
2014 08 09 16 58 39.835 27.1108 103.3608 17.2 1.26
2014 08 09 17 01 35.067 27.1189 103.3438 18.1 1.1
2014 08 09 17 07 31.287 27.3211 103.7100 32.6 1.5
2014 08 09 17 10 16.553 25.0536 97.8459 0.0 1.63
2014 08 09 17 45 11.620 27.0969 103.3881 16.7 1.8
2014 08 09 18 02 04.242 27.1307 103.4373 30.6 1.55
2014 08 09 18 03 24.984 25.6641 100.3541 8.4 1.69
2014 08 09 18 25 06.091 27.1059 103.3613 14.4 1.7
2014 08 09 18 27 31.212 26.8117 103.5244 15.6 1.81
2014 08 09 18 29 00.847 26.4082 101.7241 17.1 1.2
2014 08 09 18 32 07.880 27.0080 102.5931 20.5 1.9
2014 08 09 18 32 11.840 27.5924 100.5884 10.4 1.41
2014 08 09 18 40 27.611 25.5404 100.4939 18.6 0.85
2014 08 09 18 41 27.858 25.3601 103.9470 7.7 1.83
2014 08 09 18 43 28.913 26.9094 103.4153 17.6 1.48
2014 08 09 18 54 23.028 27.1276 103.3589 14.7 1.38
2014 08 09 19 05 52.870 27.0629 103.4091 14.6 1.16
2014 08 09 19 06 07.314 27.1507 103.3673 13.7 1.62
2014 08 09 19 11 32.428 27.2752 103.5972 16.9 1.1
2014 08 09 19 12 15.539 23.3637 102.9277 49.6 1.65
2014 08 09 19 20 18.559 25.5640 102.3696 39.5 1.43
2014 08 09 19 20 35.339 27.1069 103.3662 14.6 1.56
2014 08 09 19 30 50.292 26.8966 99.9417 1.6 1.51
2014 08 09 19 33 52.885 27.1115 103.3627 15.1 1.83
2014 08 09 19 50 49.561 24.9844 99.2074 0.0 1.93
2014 08 09 20 05 08.706 27.0491 103.3825 9.1 1.39
2014 08 09 20 07 13.040 27.0204 103.3817 12.5 1.11
2014 08 09 20 12 40.918 27.0737 103.4057 16.5 1.29
2014 08 09 20 15 30.084 24.6689 97.7663 23.4 1.28
2014 08 09 20 19 33.004 27.1203 103.3601 15.9 1.21
2014 08 09 20 36 52.818 27.0496 103.4175 11.9 1.77
2014 08 09 20 48 27.949 27.1028 103.3099 11.5 1.6
2014 08 09 20 49 45.205 27.1275 103.3350 3.4 2.46
2014 08 09 20 59 14.603 27.0438 103.3999 8.3 2.18
2014 08 09 21 00 43.985 27.0721 103.4201 10.4 1.46
2014 08 09 21 02 26.840 27.0328 103.4184 12.8 1.4
2014 08 09 21 02 49.140 27.1883 103.3587 18.0 2.11
2014 08 09 21 04 27.249 27.0432 103.4183 13.8 2.91
2014 08 09 21 25 16.636 27.0890 103.3966 13.8 1.43
2014 08 09 21 27 49.825 27.0999 103.3434 0.0 0.97
2014 08 09 21 28 39.357 27.1113 103.3287 10.9 1.73
2014 08 09 21 29 19.023 26.7966 103.4673 30.5 0.84
2014 08 09 21 37 16.468 27.8687 101.4178 1.0 2.22
2014 08 09 21 52 42.185 27.1125 103.3714 10.4 1.16
2014 08 09 21 52 48.524 27.1073 103.3516 13.7 1.53
2014 08 09 21 53 07.944 25.0091 97.8276 0.0 1.46
2014 08 09 21 55 46.636 27.2478 103.2952 16.2 1.19
2014 08 09 22 07 29.353 27.0840 103.5779 12.2 1.98
2014 08 09 22 09 34.962 27.1511 103.3144 10.4 1.09
2014 08 09 22 11 09.650 27.0778 103.4041 14.6 1.12
2014 08 09 22 11 13.162 24.9850 97.8603 0.0 1.52
2014 08 09 22 11 27.575 27.0920 103.3846 13.6 0.82
2014 08 09 22 14 23.918 27.1223 103.3862 13.0 1.57
2014 08 09 22 18 36.831 27.1619 103.3036 8.3 2.12
2014 08 09 22 21 01.910 25.0160 97.8512 0.0 1.22
2014 08 09 22 22 59.955 27.1163 103.3397 16.2 1.22
2014 08 09 22 26 35.965 27.0615 103.4088 11.9 1.65
2014 08 09 22 34 23.039 27.1499 103.3138 7.3 0.73
2014 08 09 22 35 15.207 27.0379 103.3793 28.8 0.89
2014 08 09 22 39 51.615 27.1394 103.3940 12.5 1.06
2014 08 09 22 41 55.291 28.1170 101.5269 18.7 1.46
2014 08 09 22 48 27.420 25.0505 97.8361 0.0 1.56
2014 08 09 22 48 29.895 27.0801 103.2050 13.2 1.57
2014 08 09 22 49 25.268 27.2616 101.1698 48.0 1.23
2014 08 09 22 56 16.567 27.1170 103.2980 9.7 1.96
2014 08 09 23 07 06.807 27.0523 103.4058 12.7 0.99
2014 08 09 23 07 19.916 27.1184 103.3865 15.4 1.2
2014 08 09 23 09 39.200 26.9870 103.3786 14.0 0.57
2014 08 09 23 10 10.105 27.0320 103.4298 10.0 0.56
2014 08 09 23 12 16.212 26.1864 99.6317 0.1 1.09
2014 08 09 23 12 51.134 27.0683 103.4007 12.7 1.22
2014 08 09 23 13 12.997 27.0825 103.3836 18.7 1.0
2014 08 09 23 13 26.959 27.1144 103.1752 13.5 1.51
2014 08 09 23 21 52.763 27.1123 103.2418 9.4 0.99
2014 08 09 23 25 14.820 27.0397 103.7355 0.0 0.96
2014 08 09 23 27 46.664 27.1378 103.3222 7.6 0.59
2014 08 09 23 28 05.569 27.0685 103.4023 13.1 1.34
2014 08 09 23 37 16.908 27.0946 103.3649 13.4 0.81
2014 08 09 23 43 48.114 27.1031 103.3109 10.1 1.47
2014 08 09 23 46 28.423 26.3389 103.0180 7.8 2.07
2014 08 09 23 55 00.316 27.1723 103.3314 14.5 1.37
2014 08 09 23 56 54.236 27.1104 103.3733 9.4 1.82
